ASV_id	BD28	BD29	BD31	BD45	BD70	BD76	BD77	BD86	BD87	BD88	BD89	BD90	BD91	BD93	BD94	total
ASV_1	2183	2834	1479	2033	2108	1997	3006	1334	645	197	559	519	282	650	199	20025
ASV_2	1324	1360	810	2012	3054	1818	167	2240	307	423	615	112	1051	830	198	16321
ASV_3	1044	1509	868	1168	1532	1467	2185	858	611	525	786	740	545	698	548	15084
ASV_4	750	755	446	590	1183	1556	238	1000	484	830	789	232	694	587	941	11075
ASV_5	575	858	461	453	934	308	2799	151	162	46	1343	380	497	428	462	9857
ASV_6	522	590	212	395	158	147	889	67	149	914	979	2608	331	307	485	8753
ASV_7	1444	1477	109	1218	1131	358	182	256	401	43	378	189	481	443	414	8524
ASV_8	1582	691	704	1325	389	929	281	697	543	169	715	209	24	32	0	8290
ASV_9	752	1036	283	1082	1832	490	255	592	60	324	415	213	256	447	78	8115
ASV_10	514	549	381	462	1155	1165	121	583	178	367	380	128	678	604	522	7787
ASV_11	584	757	394	599	735	536	568	470	171	222	286	170	509	533	577	7111
ASV_12	1175	1954	238	1902	319	105	26	161	208	327	232	112	132	96	12	6999
ASV_13	677	744	427	582	841	954	196	589	397	259	342	211	219	287	146	6871
ASV_14	260	280	123	269	424	483	1406	255	158	400	743	677	247	169	252	6146
ASV_15	349	407	196	459	936	454	168	309	307	246	728	240	168	210	119	5296
ASV_16	359	449	238	332	656	822	74	392	159	172	253	70	405	380	313	5074
ASV_17	625	1062	351	974	866	351	77	292	25	0	45	16	7	375	0	5066
ASV_18	162	119	82	126	285	549	87	280	301	408	430	178	306	238	380	3931
ASV_19	85	63	0	74	43	67	257	31	57	762	231	824	181	497	643	3815
ASV_20	244	310	177	254	272	267	952	123	121	37	107	221	77	84	166	3412
ASV_21	202	254	23	192	567	322	291	202	263	29	124	174	215	180	164	3202
ASV_22	172	100	14	103	115	367	181	280	384	164	609	392	195	59	37	3172
ASV_23	122	138	100	169	113	72	486	48	78	192	347	804	62	131	233	3095
ASV_24	728	610	254	672	169	282	51	203	50	0	55	0	19	0	0	3093
ASV_25	294	353	166	295	251	270	736	95	85	34	90	208	27	84	45	3033
ASV_26	360	434	198	590	477	165	43	115	94	101	168	46	61	136	42	3030
ASV_27	319	451	177	474	335	287	46	247	74	88	144	46	106	180	33	3007
ASV_28	175	186	91	173	361	566	81	236	141	240	252	100	80	121	136	2939
ASV_29	257	175	26	227	282	88	336	131	110	63	179	526	18	20	8	2446
ASV_30	52	83	33	24	37	20	96	0	0	9	100	352	198	423	958	2385
ASV_31	173	97	10	174	204	110	303	172	136	65	203	638	0	0	6	2291
ASV_32	156	202	119	231	659	206	39	164	48	33	95	41	43	79	28	2143
ASV_34	129	160	97	126	234	297	130	125	100	116	186	77	83	71	94	2025
ASV_35	53	60	7	60	436	202	84	231	224	77	188	202	75	99	26	2024
ASV_36	19	22	11	19	21	7	40	7	10	9	55	122	104	107	1452	2005
ASV_37	54	69	32	72	430	88	41	96	113	80	586	59	40	34	13	1807
ASV_39	75	73	43	50	176	158	208	93	91	125	192	209	60	41	186	1780
ASV_41	220	271	136	308	293	163	41	115	7	0	30	8	0	78	0	1670
ASV_42	158	214	112	162	225	313	66	97	53	25	58	35	41	45	30	1634
ASV_43	94	262	0	219	301	86	43	138	88	44	114	113	27	48	42	1619
ASV_44	0	0	0	0	0	0	0	0	659	448	205	175	5	47	14	1553
ASV_45	191	54	136	141	173	272	52	184	109	34	159	0	0	0	0	1505
ASV_46	0	0	0	0	0	15	390	15	100	203	234	174	23	143	70	1367
ASV_47	86	96	50	127	244	50	31	54	0	33	46	21	234	211	80	1363
ASV_48	111	153	51	91	127	165	147	73	40	24	32	43	55	34	156	1302
ASV_49	125	21	46	1094	0	0	0	0	0	0	0	0	0	0	0	1286
ASV_50	70	65	68	103	379	112	21	83	73	59	98	43	36	37	35	1282
ASV_51	65	74	46	51	139	186	24	87	88	116	122	36	65	94	80	1273
ASV_52	101	23	71	63	69	19	0	14	15	18	645	60	0	9	0	1107
ASV_53	23	11	0	0	338	86	194	107	41	6	30	133	0	5	0	974
ASV_54	59	37	19	41	124	19	21	21	64	123	216	45	33	28	43	893
ASV_55	63	48	64	49	67	62	367	18	31	0	23	96	0	0	0	888
ASV_56	9	10	8	7	46	52	170	49	6	11	70	111	85	86	144	864
ASV_57	22	43	10	33	76	30	213	43	18	8	27	69	27	55	189	863
ASV_58	117	161	53	178	122	93	21	21	0	0	4	0	4	68	0	842
ASV_59	65	61	15	84	25	138	22	120	143	0	71	80	0	9	0	833
ASV_60	120	249	28	234	50	0	0	0	32	0	38	27	0	0	0	778
ASV_61	110	250	0	186	59	0	0	0	0	64	37	32	0	40	0	778
ASV_62	66	50	67	33	143	110	16	88	45	59	79	16	0	0	0	772
ASV_64	39	41	28	36	93	35	55	21	32	83	63	56	58	55	29	724
ASV_65	65	86	19	109	75	87	51	51	45	9	39	29	24	16	8	713
ASV_68	42	48	0	0	0	55	0	80	233	40	69	122	0	0	0	689
ASV_69	50	26	0	16	25	67	15	56	59	182	39	0	56	38	28	657
ASV_70	0	0	0	0	114	64	21	187	90	30	91	48	8	0	0	653
ASV_72	44	69	57	72	114	141	11	52	21	0	33	0	0	22	0	636
ASV_73	23	0	16	12	27	38	35	18	14	44	59	41	93	95	102	617
ASV_76	30	79	7	79	156	38	9	26	10	0	47	25	38	42	28	614
ASV_77	6	0	0	7	2	0	7	3	23	8	99	292	58	30	78	613
ASV_78	36	43	29	29	58	19	43	16	13	10	44	14	83	51	118	606
ASV_79	71	75	0	131	100	29	11	18	20	0	31	26	26	40	13	591
ASV_80	0	364	0	0	0	0	88	0	0	42	33	39	0	25	0	591
ASV_81	49	49	28	47	109	61	113	40	10	3	10	19	7	20	6	571
ASV_82	27	24	26	23	127	16	0	18	0	0	52	0	120	82	51	566
ASV_83	20	20	19	23	35	32	78	17	4	18	17	54	42	39	145	563
ASV_84	44	43	56	59	87	34	0	25	0	31	60	0	48	64	0	551
ASV_85	34	58	21	67	147	58	22	19	25	11	34	15	0	19	0	530
ASV_87	0	0	0	0	0	0	0	0	0	0	0	0	76	75	372	523
ASV_88	46	63	24	49	36	68	45	23	0	17	27	14	35	30	43	520
ASV_89	52	48	15	42	42	63	106	49	28	16	22	28	0	0	0	511
ASV_90	16	0	0	15	53	54	37	29	20	45	99	26	33	29	36	492
ASV_94	104	151	9	139	41	5	4	0	5	0	0	1	2	9	6	476
ASV_95	23	23	12	47	89	64	12	29	31	24	23	9	34	33	12	465
ASV_97	20	6	5	6	0	12	91	13	25	10	55	216	0	0	0	459
ASV_98	42	56	32	74	81	27	9	0	21	0	28	10	26	29	14	449
ASV_100	0	413	0	0	0	0	0	0	0	0	0	0	7	0	21	441
ASV_101	0	0	0	0	0	0	0	0	74	111	37	170	0	15	0	407
ASV_102	20	18	6	19	77	29	15	18	23	24	74	68	8	0	0	399
ASV_103	8	0	0	0	0	0	0	0	7	65	74	138	88	11	8	399
ASV_104	49	31	0	74	53	51	12	21	19	0	38	22	9	12	0	391
ASV_105	18	59	0	0	0	0	187	29	30	37	28	0	0	0	0	388
ASV_106	0	0	0	0	0	0	0	0	0	0	0	137	31	39	170	377
ASV_107	46	91	14	91	25	13	5	12	26	0	10	17	0	18	0	368
ASV_108	39	38	12	18	40	47	10	23	9	10	18	6	29	20	49	368
ASV_109	31	40	18	33	30	26	128	7	5	0	7	19	0	5	9	358
ASV_110	32	35	0	39	17	61	10	70	13	5	11	14	24	23	0	354
ASV_112	0	21	0	0	0	0	61	0	23	19	57	137	0	0	28	346
ASV_113	0	0	0	0	0	0	0	0	0	0	0	68	38	64	176	346
ASV_114	26	0	0	0	18	14	0	18	31	39	41	43	34	56	23	343
ASV_115	48	45	35	0	38	38	0	37	27	0	21	0	22	30	0	341
ASV_117	38	39	14	30	34	33	87	13	5	0	0	26	0	8	11	338
ASV_118	50	30	29	54	0	72	0	41	55	0	0	0	0	0	0	331
ASV_119	18	13	13	0	20	36	0	25	0	79	46	0	33	18	30	331
ASV_120	0	29	0	0	155	46	14	30	0	0	45	10	0	0	0	329
ASV_121	0	150	0	0	0	0	69	0	29	43	0	33	0	0	0	324
ASV_123	39	58	28	26	0	40	0	0	50	0	22	0	26	28	0	317
ASV_124	37	41	14	50	58	50	10	29	8	0	0	0	6	7	0	310
ASV_126	11	9	5	31	119	35	12	35	6	0	14	14	0	3	0	294
ASV_127	37	35	6	25	24	15	0	18	0	12	15	0	34	29	41	291
ASV_129	0	274	0	0	0	0	0	0	0	0	0	0	0	0	0	274
ASV_131	17	30	0	19	21	8	0	6	0	2	10	0	52	58	44	267
ASV_132	5	12	20	12	103	12	9	9	0	50	19	0	10	4	0	265
ASV_133	27	24	0	25	0	35	56	18	11	15	0	53	0	0	0	264
ASV_134	11	13	3	0	65	39	16	14	22	9	31	32	0	8	0	263
ASV_135	0	147	0	0	0	21	89	0	0	0	0	0	0	0	0	257
ASV_136	0	0	0	0	0	0	9	0	0	0	0	0	29	54	163	255
ASV_138	0	6	11	5	149	14	7	6	0	0	10	12	0	25	6	251
ASV_139	24	26	31	26	32	13	0	25	10	24	21	0	0	18	0	250
ASV_140	31	0	0	24	58	51	0	43	28	0	0	0	11	0	0	246
ASV_142	26	58	15	56	19	9	8	5	0	0	0	0	7	27	9	239
ASV_143	18	9	11	16	8	13	24	12	8	11	10	29	20	11	38	238
ASV_144	0	0	0	0	0	0	0	0	0	58	25	0	62	70	16	231
ASV_146	20	0	0	0	17	11	0	22	33	42	17	0	36	14	0	212
ASV_147	0	212	0	0	0	0	0	0	0	0	0	0	0	0	0	212
ASV_148	0	0	0	0	58	25	12	9	13	26	39	0	0	13	17	212
ASV_149	14	0	8	6	96	20	0	14	0	0	0	5	0	21	22	206
ASV_150	12	33	5	13	0	12	0	0	0	0	0	0	19	85	27	206
ASV_151	15	178	0	0	0	0	0	0	0	0	0	0	0	9	0	202
ASV_152	30	20	0	18	21	0	0	22	0	37	14	0	12	27	0	201
ASV_153	15	0	0	0	0	17	0	4	6	36	43	55	17	7	0	200
ASV_154	5	7	7	6	76	13	6	27	7	13	11	14	5	0	0	197
ASV_155	27	50	6	58	40	9	0	0	0	0	0	0	0	4	0	194
ASV_156	27	69	11	64	8	8	0	0	0	0	0	0	0	6	0	193
ASV_157	0	81	10	0	0	0	0	0	15	19	16	52	0	0	0	193
ASV_158	0	15	19	14	15	0	69	0	0	0	0	20	9	0	32	193
ASV_159	6	24	0	23	18	11	0	9	18	17	36	4	11	9	5	191
ASV_160	22	21	11	0	42	13	0	11	12	0	39	17	0	0	0	188
ASV_161	14	23	4	15	5	11	0	3	10	10	41	0	5	29	15	185
ASV_163	0	0	0	0	15	0	0	0	0	100	0	0	39	26	0	180
ASV_164	3	0	0	7	28	8	11	19	15	24	10	11	23	17	0	176
ASV_165	37	68	0	63	0	0	0	0	0	0	0	0	0	0	0	168
ASV_166	0	0	0	0	0	0	0	0	0	0	0	0	59	62	45	166
ASV_168	16	23	7	26	0	0	6	7	0	0	0	0	44	19	16	164
ASV_169	0	0	0	0	0	0	0	0	34	56	23	51	0	0	0	164
ASV_170	7	31	5	23	28	24	40	5	0	0	0	0	0	0	0	163
ASV_171	18	29	14	19	18	23	20	15	0	0	0	4	0	0	0	160
ASV_172	12	21	14	30	11	5	3	8	3	2	7	4	8	20	12	160
ASV_173	0	0	0	0	0	0	0	0	15	10	0	135	0	0	0	160
ASV_175	0	0	0	156	0	0	0	0	0	0	0	0	0	0	0	156
ASV_176	11	11	0	15	21	8	4	21	17	3	11	10	10	3	9	154
ASV_177	0	0	0	0	67	0	22	0	9	13	10	12	0	0	21	154
ASV_178	13	0	6	0	27	0	0	13	0	55	13	0	6	14	0	147
ASV_179	0	0	0	0	14	16	0	44	0	33	0	0	39	0	0	146
ASV_180	0	0	0	0	0	0	0	0	18	16	15	97	0	0	0	146
ASV_181	2	22	11	26	20	8	0	3	0	0	33	5	4	11	0	145
ASV_182	6	0	0	0	0	41	0	29	0	0	46	18	0	0	0	140
ASV_183	12	5	0	0	17	25	0	51	13	0	0	0	15	0	0	138
ASV_186	5	6	4	5	4	7	11	8	0	3	5	6	6	4	58	132
ASV_187	0	0	0	0	4	0	0	0	0	0	0	33	36	24	34	131
ASV_190	0	0	0	0	0	0	0	0	8	20	40	62	0	0	0	130
ASV_191	28	37	11	28	6	9	6	0	2	0	0	0	2	0	0	129
ASV_192	0	40	0	0	0	7	34	10	0	0	17	19	0	0	0	127
ASV_193	0	5	0	0	10	0	26	0	0	0	11	19	0	0	56	127
ASV_195	52	70	0	0	0	0	0	0	0	0	0	0	0	0	0	122
ASV_196	29	35	0	40	0	17	0	0	0	0	0	0	0	0	0	121
ASV_197	22	24	0	26	26	23	0	0	0	0	0	0	0	0	0	121
ASV_198	14	37	6	17	25	12	4	0	0	0	0	0	0	5	0	120
ASV_199	0	0	0	0	0	0	80	0	0	0	0	0	0	0	40	120
ASV_200	11	23	10	16	7	11	34	3	4	0	0	0	0	0	0	119
ASV_201	0	117	0	0	0	0	0	0	0	0	0	0	0	0	0	117
ASV_202	11	11	0	16	19	8	15	0	0	0	0	8	7	0	20	115
ASV_203	15	29	9	39	10	12	0	0	0	0	0	0	0	0	0	114
ASV_204	0	0	0	0	0	0	0	0	17	72	16	9	0	0	0	114
ASV_206	11	12	10	8	10	11	45	0	0	0	0	4	0	0	0	111
ASV_208	0	25	0	0	0	0	0	0	15	30	0	29	0	0	11	110
ASV_209	0	4	0	3	4	3	4	0	5	0	4	4	25	15	39	110
ASV_211	0	108	0	0	0	0	0	0	0	0	0	0	0	0	0	108
ASV_212	17	65	0	11	0	0	0	0	0	0	3	0	0	0	11	107
ASV_213	0	0	0	0	60	0	0	0	0	0	0	0	0	0	47	107
ASV_214	0	0	0	4	6	0	9	0	0	0	0	0	0	7	80	106
ASV_215	0	0	0	0	0	0	0	0	0	0	7	12	19	14	54	106
ASV_216	11	15	0	0	41	19	0	11	0	0	8	0	0	0	0	105
ASV_218	0	0	0	0	0	0	0	0	0	0	48	57	0	0	0	105
ASV_219	0	31	0	0	36	0	0	0	0	0	37	0	0	0	0	104
ASV_220	0	7	0	15	13	15	3	11	2	6	10	9	7	2	0	100
ASV_221	0	0	0	0	0	0	0	0	0	0	0	5	6	28	61	100
ASV_222	10	6	6	11	14	0	0	0	17	0	7	8	9	11	0	99
ASV_224	0	99	0	0	0	0	0	0	0	0	0	0	0	0	0	99
ASV_225	0	0	0	0	44	0	9	0	0	0	39	7	0	0	0	99
ASV_226	0	0	0	0	0	0	0	0	0	0	41	58	0	0	0	99
ASV_227	15	24	9	22	16	5	0	0	0	0	0	0	0	7	0	98
ASV_228	0	0	0	98	0	0	0	0	0	0	0	0	0	0	0	98
ASV_229	0	0	9	0	23	6	0	0	0	0	11	0	19	15	14	97
ASV_230	0	0	0	0	0	54	0	43	0	0	0	0	0	0	0	97
ASV_231	0	0	0	0	0	0	0	0	0	39	0	56	0	0	0	95
ASV_232	0	0	0	0	0	0	0	0	0	0	0	0	19	27	49	95
ASV_233	16	0	0	24	9	0	0	23	0	0	0	0	19	0	0	91
ASV_234	6	3	12	2	4	9	6	12	5	2	8	9	0	13	0	91
ASV_235	0	0	0	0	0	0	10	0	0	0	0	7	11	24	39	91
ASV_236	0	0	0	0	0	0	0	0	0	0	68	23	0	0	0	91
ASV_237	13	34	7	23	0	6	0	0	0	0	0	0	0	7	0	90
ASV_238	11	21	3	22	19	10	0	0	0	0	0	0	0	3	0	89
ASV_240	0	0	0	0	52	14	0	14	0	7	0	0	0	0	0	87
ASV_241	0	0	0	0	0	0	0	0	0	0	0	0	0	0	87	87
ASV_242	7	9	6	4	8	0	0	6	0	0	5	0	21	14	6	86
ASV_243	0	0	0	86	0	0	0	0	0	0	0	0	0	0	0	86
ASV_246	0	0	0	0	0	0	84	0	0	0	0	0	0	0	0	84
ASV_247	23	0	0	0	0	0	0	0	0	39	0	21	0	0	0	83
ASV_248	0	0	0	0	5	0	0	0	0	0	0	0	23	6	49	83
ASV_250	7	8	0	10	6	5	0	0	0	5	21	20	0	0	0	82
ASV_251	0	0	0	0	0	0	0	0	16	20	29	17	0	0	0	82
ASV_252	8	73	0	0	0	0	0	0	0	0	0	0	0	0	0	81
ASV_253	0	4	0	4	0	0	0	0	0	0	0	0	16	3	54	81
ASV_254	0	0	0	0	0	0	14	0	12	4	10	30	0	0	11	81
ASV_255	0	0	0	0	0	0	0	0	0	0	0	0	0	0	81	81
ASV_256	0	0	0	0	0	0	0	0	0	0	0	0	0	0	80	80
ASV_259	17	19	0	22	0	0	20	0	0	0	0	0	0	0	0	78
ASV_260	0	0	0	0	12	19	0	10	0	20	16	0	0	0	0	77
ASV_261	7	31	0	11	23	0	4	0	0	0	0	0	0	0	0	76
ASV_262	3	0	0	5	11	0	0	0	0	23	29	0	0	4	0	75
ASV_263	0	0	0	0	38	9	8	0	0	0	13	4	0	0	3	75
ASV_264	34	37	0	0	0	0	0	0	0	0	0	0	0	0	0	71
ASV_265	0	0	0	0	0	0	25	0	3	0	0	23	0	0	20	71
ASV_266	9	0	0	21	0	8	0	16	0	0	16	0	0	0	0	70
ASV_267	0	0	0	0	0	0	70	0	0	0	0	0	0	0	0	70
ASV_269	0	0	0	0	0	0	0	4	0	41	0	17	5	0	0	67
ASV_270	0	0	0	0	0	0	0	0	0	66	0	0	0	0	0	66
ASV_272	10	6	0	9	9	8	0	11	0	6	0	3	3	0	0	65
ASV_274	31	0	0	0	12	0	21	0	0	0	0	0	0	0	0	64
ASV_275	0	0	0	4	11	0	10	0	0	0	13	8	2	6	10	64
ASV_276	0	0	0	0	6	0	12	0	0	9	13	10	4	10	0	64
ASV_278	0	6	0	0	5	0	0	0	0	0	7	0	12	12	20	62
ASV_279	0	0	30	0	0	0	24	0	8	0	0	0	0	0	0	62
ASV_280	0	0	0	0	0	13	21	0	11	0	0	17	0	0	0	62
ASV_281	14	0	0	0	0	0	0	0	0	0	0	47	0	0	0	61
ASV_282	14	0	0	0	4	12	0	0	15	16	0	0	0	0	0	61
ASV_283	9	0	0	36	0	0	0	0	0	0	0	16	0	0	0	61
ASV_285	0	0	0	0	15	0	0	0	0	22	15	9	0	0	0	61
ASV_286	0	0	0	0	0	0	5	0	13	16	7	20	0	0	0	61
ASV_287	5	0	0	0	0	7	0	0	0	22	20	0	0	5	0	59
ASV_288	0	0	0	15	0	3	16	0	0	0	0	15	0	0	9	58
ASV_289	0	0	0	0	35	18	5	0	0	0	0	0	0	0	0	58
ASV_290	0	0	0	0	0	0	11	0	0	0	0	47	0	0	0	58
ASV_293	0	0	0	56	0	0	0	0	0	0	0	0	0	0	0	56
ASV_294	0	0	0	0	0	0	0	0	0	0	0	45	0	0	11	56
ASV_295	0	8	0	0	0	0	0	0	0	0	0	0	12	8	27	55
ASV_296	0	1	4	1	0	13	16	3	0	0	11	6	0	0	0	55
ASV_297	14	10	0	17	7	6	0	0	0	0	0	0	0	0	0	54
ASV_298	8	19	0	17	5	5	0	0	0	0	0	0	0	0	0	54
ASV_299	0	0	0	0	0	0	0	0	0	8	4	0	10	5	27	54
ASV_300	0	0	0	0	0	0	0	0	0	0	0	38	16	0	0	54
ASV_301	7	13	0	19	6	0	8	0	0	0	0	0	0	0	0	53
ASV_302	0	0	0	0	0	0	0	0	3	8	42	0	0	0	0	53
ASV_304	0	52	0	0	0	0	0	0	0	0	0	0	0	0	0	52
ASV_305	0	1	0	0	0	0	0	0	0	0	0	0	26	8	17	52
ASV_306	0	0	0	0	0	0	0	0	0	0	0	0	35	17	0	52
ASV_307	5	22	0	4	11	6	0	3	0	0	0	0	0	0	0	51
ASV_308	9	19	0	22	0	0	0	0	0	0	0	0	0	0	0	50
ASV_309	0	0	0	0	2	0	0	0	4	4	7	11	12	4	6	50
ASV_310	0	0	0	0	0	0	0	0	25	0	0	11	10	4	0	50
ASV_311	0	0	0	0	0	0	0	0	0	12	19	17	0	2	0	50
ASV_312	0	0	0	0	0	0	0	0	0	0	0	0	2	7	41	50
ASV_313	8	10	0	0	4	5	16	0	0	0	3	3	0	0	0	49
ASV_314	0	0	0	0	0	18	0	0	0	31	0	0	0	0	0	49
ASV_315	0	0	0	10	12	0	0	4	0	0	0	4	5	9	4	48
ASV_316	0	0	0	0	10	0	0	0	0	0	0	0	20	18	0	48
ASV_318	0	0	0	0	0	0	0	0	15	0	0	33	0	0	0	48
ASV_319	0	0	0	0	0	0	0	0	0	10	13	0	0	25	0	48
ASV_321	0	33	0	0	0	0	14	0	0	0	0	0	0	0	0	47
ASV_322	0	18	4	10	11	4	0	0	0	0	0	0	0	0	0	47
ASV_323	0	12	0	0	0	7	9	0	0	0	0	16	0	0	3	47
ASV_324	0	8	0	0	0	0	0	0	0	11	0	0	14	0	14	47
ASV_325	0	0	0	15	0	0	0	0	0	0	0	0	6	26	0	47
ASV_326	0	0	0	0	0	22	14	11	0	0	0	0	0	0	0	47
ASV_328	0	0	0	0	0	22	11	0	0	0	0	0	0	0	13	46
ASV_329	0	0	0	0	0	8	0	0	0	0	0	0	7	8	23	46
ASV_331	0	9	0	14	3	0	19	0	0	0	0	0	0	0	0	45
ASV_332	0	0	0	0	0	0	0	0	0	0	8	0	22	15	0	45
ASV_333	0	0	0	0	0	0	34	0	0	0	0	10	0	0	0	44
ASV_334	0	0	0	0	0	0	0	0	0	5	0	39	0	0	0	44
ASV_335	0	0	0	0	0	0	0	0	0	0	0	44	0	0	0	44
ASV_336	0	0	0	0	0	0	0	0	0	0	0	0	2	22	20	44
ASV_337	0	0	0	0	0	0	0	0	0	0	0	0	0	0	44	44
ASV_338	7	0	0	10	0	0	0	0	0	0	0	0	0	25	0	42
ASV_339	6	0	0	0	0	0	0	0	0	8	0	0	11	9	8	42
ASV_340	0	0	0	0	0	0	0	0	0	0	41	0	0	0	0	41
ASV_341	6	0	0	11	0	9	14	0	0	0	0	0	0	0	0	40
ASV_342	5	0	0	5	0	12	6	3	4	0	0	5	0	0	0	40
ASV_343	0	0	0	0	0	6	0	34	0	0	0	0	0	0	0	40
ASV_344	0	0	0	0	0	0	0	0	0	0	40	0	0	0	0	40
ASV_346	0	0	3	0	6	0	0	0	0	0	0	0	8	12	10	39
ASV_347	0	0	0	0	0	0	0	0	0	25	14	0	0	0	0	39
ASV_348	0	0	0	0	0	0	0	0	0	0	39	0	0	0	0	39
ASV_349	0	8	0	0	0	8	0	0	0	0	0	0	0	0	22	38
ASV_350	0	0	29	9	0	0	0	0	0	0	0	0	0	0	0	38
ASV_351	0	0	0	0	0	0	0	0	0	0	0	0	0	0	38	38
ASV_352	22	14	0	0	0	0	0	0	0	0	0	0	0	0	0	36
ASV_356	0	0	0	0	0	0	0	0	0	0	22	14	0	0	0	36
ASV_357	0	0	0	0	0	0	0	0	0	0	0	0	16	0	20	36
ASV_358	0	0	0	0	35	0	0	0	0	0	0	0	0	0	0	35
ASV_359	0	0	0	0	7	0	0	0	0	11	10	0	0	7	0	35
ASV_361	0	0	0	0	0	2	31	0	0	0	0	0	0	0	2	35
ASV_362	0	0	0	0	0	0	0	19	3	4	0	9	0	0	0	35
ASV_364	0	0	0	10	0	0	0	0	21	0	0	0	0	0	3	34
ASV_365	0	0	0	0	0	0	0	0	0	0	0	34	0	0	0	34
ASV_366	0	0	0	0	0	0	0	0	0	0	0	0	14	17	3	34
ASV_367	0	0	0	0	0	0	0	0	0	0	0	0	8	12	14	34
ASV_368	18	0	5	10	0	0	0	0	0	0	0	0	0	0	0	33
ASV_369	4	7	0	4	12	0	6	0	0	0	0	0	0	0	0	33
ASV_370	0	0	0	33	0	0	0	0	0	0	0	0	0	0	0	33
ASV_371	0	0	0	0	33	0	0	0	0	0	0	0	0	0	0	33
ASV_372	0	0	0	0	5	0	0	0	5	0	18	0	5	0	0	33
ASV_373	6	6	0	5	5	8	0	0	0	0	2	0	0	0	0	32
ASV_374	5	0	0	0	13	14	0	0	0	0	0	0	0	0	0	32
ASV_375	0	9	0	0	0	0	0	5	0	0	8	10	0	0	0	32
ASV_376	0	0	0	0	0	0	0	0	0	16	0	0	0	0	16	32
ASV_377	0	0	0	0	0	0	0	0	0	0	0	0	0	20	12	32
ASV_378	0	0	0	31	0	0	0	0	0	0	0	0	0	0	0	31
ASV_380	0	0	0	0	0	0	31	0	0	0	0	0	0	0	0	31
ASV_381	0	0	0	0	0	0	31	0	0	0	0	0	0	0	0	31
ASV_382	0	0	0	0	0	0	0	0	0	13	0	18	0	0	0	31
ASV_383	0	0	0	0	0	0	0	0	0	0	0	0	0	0	31	31
ASV_384	0	0	0	15	0	0	0	0	0	0	0	0	10	0	5	30
ASV_385	0	0	0	9	17	0	0	0	0	0	0	0	0	0	4	30
ASV_386	0	0	0	8	8	7	0	0	7	0	0	0	0	0	0	30
ASV_387	0	0	0	0	0	0	0	0	0	2	28	0	0	0	0	30
ASV_388	0	0	0	0	0	0	0	0	0	0	0	0	0	0	30	30
ASV_389	5	0	0	0	0	6	0	0	0	2	0	0	7	0	9	29
ASV_390	0	0	0	29	0	0	0	0	0	0	0	0	0	0	0	29
ASV_392	0	0	0	0	0	5	24	0	0	0	0	0	0	0	0	29
ASV_394	0	0	0	0	0	0	10	0	0	0	0	0	3	0	16	29
ASV_395	0	5	0	4	19	0	0	0	0	0	0	0	0	0	0	28
ASV_396	0	0	1	0	1	0	8	0	0	0	0	2	0	15	1	28
ASV_397	0	0	0	0	0	0	28	0	0	0	0	0	0	0	0	28
ASV_398	0	0	0	0	15	0	0	0	0	0	12	0	0	0	0	27
ASV_399	0	0	0	0	12	0	0	0	0	0	0	0	15	0	0	27
ASV_400	0	0	3	0	4	0	15	4	0	0	0	0	0	0	0	26
ASV_401	0	0	0	0	16	0	0	0	0	0	0	0	0	10	0	26
ASV_402	0	0	0	0	0	0	0	0	0	0	0	0	0	0	26	26
ASV_403	4	12	0	9	0	0	0	0	0	0	0	0	0	0	0	25
ASV_404	0	0	0	25	0	0	0	0	0	0	0	0	0	0	0	25
ASV_405	0	0	0	0	17	8	0	0	0	0	0	0	0	0	0	25
ASV_406	0	0	0	0	10	10	5	0	0	0	0	0	0	0	0	25
ASV_407	0	0	0	0	0	12	13	0	0	0	0	0	0	0	0	25
ASV_408	0	0	0	0	0	0	25	0	0	0	0	0	0	0	0	25
ASV_409	0	0	0	0	0	0	0	25	0	0	0	0	0	0	0	25
ASV_410	0	0	0	0	0	0	0	0	0	9	8	8	0	0	0	25
ASV_411	0	0	0	0	0	0	0	0	0	0	0	8	0	17	0	25
ASV_412	0	0	0	0	0	0	0	0	0	0	0	0	0	0	25	25
ASV_413	0	0	0	0	24	0	0	0	0	0	0	0	0	0	0	24
ASV_414	0	0	0	0	0	0	0	24	0	0	0	0	0	0	0	24
ASV_415	0	0	0	0	0	0	0	0	0	0	0	0	7	6	11	24
ASV_416	0	0	0	0	0	0	0	0	0	0	0	0	6	0	18	24
ASV_417	0	0	0	0	0	0	0	0	0	0	0	0	0	13	11	24
ASV_418	21	2	0	0	0	0	0	0	0	0	0	0	0	0	0	23
ASV_419	16	0	0	7	0	0	0	0	0	0	0	0	0	0	0	23
ASV_420	11	0	0	12	0	0	0	0	0	0	0	0	0	0	0	23
ASV_421	7	10	0	6	0	0	0	0	0	0	0	0	0	0	0	23
ASV_423	0	5	0	0	0	5	11	2	0	0	0	0	0	0	0	23
ASV_424	0	0	0	23	0	0	0	0	0	0	0	0	0	0	0	23
ASV_425	0	0	0	0	0	0	23	0	0	0	0	0	0	0	0	23
ASV_426	0	0	0	0	0	0	0	5	0	0	0	18	0	0	0	23
ASV_427	0	0	0	0	0	0	0	0	0	0	7	0	8	8	0	23
ASV_428	0	0	0	0	0	0	0	0	0	0	0	0	7	0	16	23
ASV_429	0	0	0	0	0	0	0	0	0	0	0	0	1	0	22	23
ASV_430	0	0	0	0	22	0	0	0	0	0	0	0	0	0	0	22
ASV_431	0	0	0	0	22	0	0	0	0	0	0	0	0	0	0	22
ASV_432	0	0	0	0	0	0	0	0	0	22	0	0	0	0	0	22
ASV_433	0	0	0	0	0	0	0	0	0	0	22	0	0	0	0	22
ASV_434	0	0	0	0	0	0	0	0	0	0	22	0	0	0	0	22
ASV_435	0	0	0	0	0	0	0	0	0	0	0	0	0	6	16	22
ASV_436	0	0	0	0	0	0	0	0	0	0	0	0	0	0	22	22
ASV_437	0	0	0	0	0	0	0	0	0	0	0	0	0	0	22	22
ASV_438	7	0	0	6	0	0	8	0	0	0	0	0	0	0	0	21
ASV_439	0	21	0	0	0	0	0	0	0	0	0	0	0	0	0	21
ASV_440	0	4	0	5	12	0	0	0	0	0	0	0	0	0	0	21
ASV_441	0	0	0	21	0	0	0	0	0	0	0	0	0	0	0	21
ASV_442	0	0	0	21	0	0	0	0	0	0	0	0	0	0	0	21
ASV_443	0	0	0	0	0	0	0	0	0	21	0	0	0	0	0	21
ASV_444	0	0	0	0	0	0	0	0	0	14	0	0	7	0	0	21
ASV_446	0	0	0	0	0	0	0	0	0	0	0	21	0	0	0	21
ASV_447	0	0	0	0	0	0	0	0	0	0	0	0	0	0	21	21
ASV_448	0	20	0	0	0	0	0	0	0	0	0	0	0	0	0	20
ASV_449	0	0	0	20	0	0	0	0	0	0	0	0	0	0	0	20
ASV_450	0	0	0	0	6	4	0	0	0	0	0	0	0	10	0	20
ASV_451	0	0	0	0	0	0	20	0	0	0	0	0	0	0	0	20
ASV_452	0	0	0	0	0	0	20	0	0	0	0	0	0	0	0	20
ASV_453	0	0	0	0	0	0	0	0	0	20	0	0	0	0	0	20
ASV_454	0	0	0	0	0	0	0	0	0	20	0	0	0	0	0	20
ASV_455	0	0	0	0	0	0	0	0	0	6	0	0	8	6	0	20
ASV_456	0	0	0	0	0	0	0	0	0	0	0	0	7	13	0	20
ASV_457	0	0	0	0	0	0	0	0	0	0	0	0	4	0	16	20
ASV_458	0	0	0	0	0	0	0	0	0	0	0	0	0	12	8	20
ASV_459	12	0	0	7	0	0	0	0	0	0	0	0	0	0	0	19
ASV_460	12	0	7	0	0	0	0	0	0	0	0	0	0	0	0	19
ASV_461	0	0	0	19	0	0	0	0	0	0	0	0	0	0	0	19
ASV_463	0	0	0	0	0	0	0	0	6	0	13	0	0	0	0	19
ASV_464	0	0	0	0	0	0	0	0	0	19	0	0	0	0	0	19
ASV_465	0	0	0	0	0	0	0	0	0	0	4	4	0	3	8	19
ASV_466	0	0	0	0	0	0	0	0	0	0	0	19	0	0	0	19
ASV_467	0	0	0	0	0	0	0	0	0	0	0	0	10	0	9	19
ASV_468	0	0	0	0	0	0	0	0	0	0	0	0	9	0	10	19
ASV_469	0	0	0	0	0	0	0	0	0	0	0	0	0	0	19	19
ASV_470	0	0	0	0	0	0	0	0	0	0	0	0	0	0	19	19
ASV_471	11	7	0	0	0	0	0	0	0	0	0	0	0	0	0	18
ASV_472	0	8	10	0	0	0	0	0	0	0	0	0	0	0	0	18
ASV_473	0	0	7	0	0	0	0	0	0	0	0	11	0	0	0	18
ASV_474	0	0	0	18	0	0	0	0	0	0	0	0	0	0	0	18
ASV_475	0	0	0	18	0	0	0	0	0	0	0	0	0	0	0	18
ASV_476	0	0	0	18	0	0	0	0	0	0	0	0	0	0	0	18
ASV_477	0	0	0	0	0	18	0	0	0	0	0	0	0	0	0	18
ASV_478	0	0	0	0	0	0	0	0	0	18	0	0	0	0	0	18
ASV_479	0	0	0	0	0	0	0	0	0	3	8	7	0	0	0	18
ASV_481	0	0	0	0	0	0	0	0	0	0	1	4	0	1	12	18
ASV_482	0	0	0	0	0	0	0	0	0	0	0	0	18	0	0	18
ASV_483	0	0	0	0	0	0	0	0	0	0	0	0	10	0	8	18
ASV_484	0	0	0	0	0	0	0	0	0	0	0	0	0	6	12	18
ASV_485	0	0	0	17	0	0	0	0	0	0	0	0	0	0	0	17
ASV_486	0	0	0	17	0	0	0	0	0	0	0	0	0	0	0	17
ASV_487	0	0	0	7	0	0	0	0	0	0	0	0	6	3	1	17
ASV_488	0	0	0	7	3	5	0	2	0	0	0	0	0	0	0	17
ASV_489	0	0	0	0	17	0	0	0	0	0	0	0	0	0	0	17
ASV_490	0	0	0	0	0	0	17	0	0	0	0	0	0	0	0	17
ASV_491	0	0	0	0	0	0	17	0	0	0	0	0	0	0	0	17
ASV_492	0	0	0	0	0	0	3	5	0	0	0	0	0	9	0	17
ASV_493	0	0	0	0	0	0	0	0	0	0	0	0	0	6	11	17
ASV_494	7	0	0	9	0	0	0	0	0	0	0	0	0	0	0	16
ASV_496	0	0	0	6	0	0	5	0	0	0	0	0	0	0	5	16
ASV_497	0	0	0	0	9	7	0	0	0	0	0	0	0	0	0	16
ASV_499	0	0	0	0	0	0	0	0	0	0	0	16	0	0	0	16
ASV_500	0	0	0	0	0	0	0	0	0	0	0	16	0	0	0	16
ASV_502	0	0	0	0	0	0	0	0	0	0	0	0	0	16	0	16
ASV_503	0	0	0	0	0	0	0	0	0	0	0	0	0	6	10	16
ASV_504	0	0	0	0	0	0	0	0	0	0	0	0	0	0	16	16
ASV_505	9	6	0	0	0	0	0	0	0	0	0	0	0	0	0	15
ASV_506	2	0	0	0	0	0	0	0	0	0	4	6	0	3	0	15
ASV_508	0	0	0	15	0	0	0	0	0	0	0	0	0	0	0	15
ASV_509	0	0	0	15	0	0	0	0	0	0	0	0	0	0	0	15
ASV_510	0	0	0	0	7	0	6	0	0	0	0	2	0	0	0	15
ASV_511	0	0	0	0	0	0	9	2	0	0	0	0	0	0	4	15
ASV_512	0	0	0	0	0	0	0	0	0	5	0	10	0	0	0	15
ASV_513	0	0	0	0	0	0	0	0	0	0	3	12	0	0	0	15
ASV_514	0	0	0	0	0	0	0	0	0	0	0	15	0	0	0	15
ASV_515	0	0	0	0	0	0	0	0	0	0	0	0	7	5	3	15
ASV_516	0	0	0	0	0	0	0	0	0	0	0	0	0	0	15	15
ASV_518	0	0	0	0	0	0	0	0	0	0	0	0	0	0	15	15
ASV_519	4	8	0	0	0	2	0	0	0	0	0	0	0	0	0	14
ASV_520	4	3	1	4	0	0	0	0	0	0	0	2	0	0	0	14
ASV_521	3	3	0	4	0	0	0	0	0	0	0	0	0	0	4	14
ASV_522	0	0	0	14	0	0	0	0	0	0	0	0	0	0	0	14
ASV_523	0	0	0	14	0	0	0	0	0	0	0	0	0	0	0	14
ASV_524	0	0	0	14	0	0	0	0	0	0	0	0	0	0	0	14
ASV_525	0	0	0	14	0	0	0	0	0	0	0	0	0	0	0	14
ASV_526	0	0	0	0	5	9	0	0	0	0	0	0	0	0	0	14
ASV_527	0	0	0	0	0	10	0	0	0	0	0	0	0	4	0	14
ASV_529	0	0	0	0	0	0	14	0	0	0	0	0	0	0	0	14
ASV_530	0	0	0	0	0	0	0	7	0	0	7	0	0	0	0	14
ASV_531	0	0	0	0	0	0	0	0	8	0	0	6	0	0	0	14
ASV_532	0	0	0	0	0	0	0	0	0	5	9	0	0	0	0	14
ASV_533	0	0	0	0	0	0	0	0	0	0	0	0	14	0	0	14
ASV_534	0	0	0	0	0	0	0	0	0	0	0	0	0	14	0	14
ASV_535	13	0	0	0	0	0	0	0	0	0	0	0	0	0	0	13
ASV_536	4	5	0	0	4	0	0	0	0	0	0	0	0	0	0	13
ASV_537	0	13	0	0	0	0	0	0	0	0	0	0	0	0	0	13
ASV_538	0	13	0	0	0	0	0	0	0	0	0	0	0	0	0	13
ASV_539	0	2	0	0	5	0	3	1	0	0	2	0	0	0	0	13
ASV_541	0	0	0	0	0	13	0	0	0	0	0	0	0	0	0	13
ASV_542	0	0	0	0	0	13	0	0	0	0	0	0	0	0	0	13
ASV_543	0	0	0	0	0	0	0	0	0	7	0	6	0	0	0	13
ASV_545	0	0	0	0	0	0	0	0	0	0	8	5	0	0	0	13
ASV_546	0	0	0	0	0	0	0	0	0	0	5	5	0	0	3	13
ASV_547	0	0	0	0	0	0	0	0	0	0	3	10	0	0	0	13
ASV_548	0	0	0	0	0	0	0	0	0	0	0	13	0	0	0	13
ASV_549	0	0	0	0	0	0	0	0	0	0	0	13	0	0	0	13
ASV_550	0	0	0	0	0	0	0	0	0	0	0	0	13	0	0	13
ASV_551	0	0	0	0	0	0	0	0	0	0	0	0	9	4	0	13
ASV_552	0	0	0	0	0	0	0	0	0	0	0	0	0	13	0	13
ASV_553	0	0	0	0	0	0	0	0	0	0	0	0	0	13	0	13
ASV_555	0	0	0	0	0	0	0	0	0	0	0	0	0	0	13	13
ASV_556	0	5	0	3	4	0	0	0	0	0	0	0	0	0	0	12
ASV_557	0	0	0	12	0	0	0	0	0	0	0	0	0	0	0	12
ASV_558	0	0	0	0	5	0	7	0	0	0	0	0	0	0	0	12
ASV_559	0	0	0	0	5	0	0	2	0	0	0	0	0	5	0	12
ASV_560	0	0	0	0	0	5	0	0	0	0	0	0	0	7	0	12
ASV_561	0	0	0	0	0	1	0	0	0	3	0	0	0	8	0	12
ASV_562	0	0	0	0	0	0	12	0	0	0	0	0	0	0	0	12
ASV_564	0	0	0	0	0	0	0	0	0	0	12	0	0	0	0	12
ASV_565	0	0	0	0	0	0	0	0	0	0	12	0	0	0	0	12
ASV_566	0	0	0	0	0	0	0	0	0	0	3	9	0	0	0	12
ASV_567	0	0	0	0	0	0	0	0	0	0	0	12	0	0	0	12
ASV_568	0	0	0	0	0	0	0	0	0	0	0	0	3	0	9	12
ASV_569	0	0	0	0	0	0	0	0	0	0	0	0	0	12	0	12
ASV_570	0	0	0	0	0	0	0	0	0	0	0	0	0	12	0	12
ASV_571	0	0	0	0	0	0	0	0	0	0	0	0	0	0	12	12
ASV_572	0	0	0	0	0	0	0	0	0	0	0	0	0	0	12	12
ASV_573	2	7	0	0	0	0	0	0	0	0	0	0	0	0	2	11
ASV_575	0	0	0	11	0	0	0	0	0	0	0	0	0	0	0	11
ASV_576	0	0	0	11	0	0	0	0	0	0	0	0	0	0	0	11
ASV_577	0	0	0	11	0	0	0	0	0	0	0	0	0	0	0	11
ASV_578	0	0	0	11	0	0	0	0	0	0	0	0	0	0	0	11
ASV_580	0	0	0	0	0	6	5	0	0	0	0	0	0	0	0	11
ASV_581	0	0	0	0	0	0	11	0	0	0	0	0	0	0	0	11
ASV_582	0	0	0	0	0	0	0	0	0	6	0	5	0	0	0	11
ASV_584	0	0	0	0	0	0	0	0	0	0	0	0	0	11	0	11
ASV_585	0	0	0	0	0	0	0	0	0	0	0	0	0	11	0	11
ASV_586	0	0	0	0	0	0	0	0	0	0	0	0	0	0	11	11
ASV_587	0	0	0	0	0	0	0	0	0	0	0	0	0	0	11	11
ASV_588	10	0	0	0	0	0	0	0	0	0	0	0	0	0	0	10
ASV_591	3	0	0	0	0	0	7	0	0	0	0	0	0	0	0	10
ASV_592	3	0	0	0	0	0	0	0	0	2	0	5	0	0	0	10
ASV_593	0	0	10	0	0	0	0	0	0	0	0	0	0	0	0	10
ASV_594	0	0	0	5	0	0	0	0	0	0	0	5	0	0	0	10
ASV_596	0	0	0	0	3	1	6	0	0	0	0	0	0	0	0	10
ASV_597	0	0	0	0	0	0	10	0	0	0	0	0	0	0	0	10
ASV_598	0	0	0	0	0	0	0	0	0	10	0	0	0	0	0	10
ASV_599	0	0	0	0	0	0	0	0	0	10	0	0	0	0	0	10
ASV_600	0	0	0	0	0	0	0	0	0	10	0	0	0	0	0	10
ASV_601	0	0	0	0	0	0	0	0	0	8	2	0	0	0	0	10
ASV_602	0	0	0	0	0	0	0	0	0	5	5	0	0	0	0	10
ASV_603	0	0	0	0	0	0	0	0	0	3	0	0	0	7	0	10
ASV_604	0	0	0	0	0	0	0	0	0	0	10	0	0	0	0	10
ASV_605	0	0	0	0	0	0	0	0	0	0	10	0	0	0	0	10
ASV_606	0	0	0	0	0	0	0	0	0	0	0	6	4	0	0	10
ASV_607	0	0	0	0	0	0	0	0	0	0	0	0	0	0	10	10
ASV_608	9	0	0	0	0	0	0	0	0	0	0	0	0	0	0	9
ASV_609	9	0	0	0	0	0	0	0	0	0	0	0	0	0	0	9
ASV_610	9	0	0	0	0	0	0	0	0	0	0	0	0	0	0	9
ASV_611	9	0	0	0	0	0	0	0	0	0	0	0	0	0	0	9
ASV_612	2	0	0	2	0	0	5	0	0	0	0	0	0	0	0	9
ASV_613	0	9	0	0	0	0	0	0	0	0	0	0	0	0	0	9
ASV_614	0	0	3	0	0	0	0	0	0	0	0	0	0	0	6	9
ASV_615	0	0	0	9	0	0	0	0	0	0	0	0	0	0	0	9
ASV_616	0	0	0	3	0	3	3	0	0	0	0	0	0	0	0	9
ASV_617	0	0	0	0	9	0	0	0	0	0	0	0	0	0	0	9
ASV_618	0	0	0	0	9	0	0	0	0	0	0	0	0	0	0	9
ASV_620	0	0	0	0	0	9	0	0	0	0	0	0	0	0	0	9
ASV_622	0	0	0	0	0	9	0	0	0	0	0	0	0	0	0	9
ASV_623	0	0	0	0	0	0	9	0	0	0	0	0	0	0	0	9
ASV_624	0	0	0	0	0	0	0	0	9	0	0	0	0	0	0	9
ASV_625	0	0	0	0	0	0	0	0	0	9	0	0	0	0	0	9
ASV_627	0	0	0	0	0	0	0	0	0	0	0	9	0	0	0	9
ASV_629	0	0	0	0	0	0	0	0	0	0	0	9	0	0	0	9
ASV_630	0	0	0	0	0	0	0	0	0	0	0	9	0	0	0	9
ASV_631	0	0	0	0	0	0	0	0	0	0	0	9	0	0	0	9
ASV_632	0	0	0	0	0	0	0	0	0	0	0	0	9	0	0	9
ASV_633	0	0	0	0	0	0	0	0	0	0	0	0	0	9	0	9
ASV_634	0	0	0	0	0	0	0	0	0	0	0	0	0	0	9	9
ASV_635	0	0	0	0	0	0	0	0	0	0	0	0	0	0	9	9
ASV_636	0	0	0	0	0	0	0	0	0	0	0	0	0	0	9	9
ASV_637	0	0	0	0	0	0	0	0	0	0	0	0	0	0	9	9
ASV_638	0	0	0	0	0	0	0	0	0	0	0	0	0	0	9	9
ASV_639	8	0	0	0	0	0	0	0	0	0	0	0	0	0	0	8
ASV_640	8	0	0	0	0	0	0	0	0	0	0	0	0	0	0	8
ASV_642	0	8	0	0	0	0	0	0	0	0	0	0	0	0	0	8
ASV_643	0	8	0	0	0	0	0	0	0	0	0	0	0	0	0	8
ASV_644	0	0	0	8	0	0	0	0	0	0	0	0	0	0	0	8
ASV_645	0	0	0	8	0	0	0	0	0	0	0	0	0	0	0	8
ASV_646	0	0	0	8	0	0	0	0	0	0	0	0	0	0	0	8
ASV_647	0	0	0	0	8	0	0	0	0	0	0	0	0	0	0	8
ASV_648	0	0	0	0	8	0	0	0	0	0	0	0	0	0	0	8
ASV_649	0	0	0	0	3	0	5	0	0	0	0	0	0	0	0	8
ASV_650	0	0	0	0	0	8	0	0	0	0	0	0	0	0	0	8
ASV_651	0	0	0	0	0	8	0	0	0	0	0	0	0	0	0	8
ASV_653	0	0	0	0	0	0	0	0	0	8	0	0	0	0	0	8
ASV_654	0	0	0	0	0	0	0	0	0	0	8	0	0	0	0	8
ASV_655	0	0	0	0	0	0	0	0	0	0	0	8	0	0	0	8
ASV_656	0	0	0	0	0	0	0	0	0	0	0	8	0	0	0	8
ASV_657	0	0	0	0	0	0	0	0	0	0	0	0	4	0	4	8
ASV_658	0	0	0	0	0	0	0	0	0	0	0	0	0	8	0	8
ASV_659	0	0	0	0	0	0	0	0	0	0	0	0	0	0	8	8
ASV_660	7	0	0	0	0	0	0	0	0	0	0	0	0	0	0	7
ASV_661	7	0	0	0	0	0	0	0	0	0	0	0	0	0	0	7
ASV_662	7	0	0	0	0	0	0	0	0	0	0	0	0	0	0	7
ASV_663	3	0	0	0	0	0	0	0	0	0	0	0	0	4	0	7
ASV_664	0	7	0	0	0	0	0	0	0	0	0	0	0	0	0	7
ASV_665	0	7	0	0	0	0	0	0	0	0	0	0	0	0	0	7
ASV_666	0	0	0	7	0	0	0	0	0	0	0	0	0	0	0	7
ASV_668	0	0	0	7	0	0	0	0	0	0	0	0	0	0	0	7
ASV_669	0	0	0	7	0	0	0	0	0	0	0	0	0	0	0	7
ASV_670	0	0	0	0	7	0	0	0	0	0	0	0	0	0	0	7
ASV_671	0	0	0	0	7	0	0	0	0	0	0	0	0	0	0	7
ASV_672	0	0	0	0	7	0	0	0	0	0	0	0	0	0	0	7
ASV_673	0	0	0	0	4	0	3	0	0	0	0	0	0	0	0	7
ASV_674	0	0	0	0	2	0	5	0	0	0	0	0	0	0	0	7
ASV_675	0	0	0	0	0	7	0	0	0	0	0	0	0	0	0	7
ASV_676	0	0	0	0	0	7	0	0	0	0	0	0	0	0	0	7
ASV_677	0	0	0	0	0	0	7	0	0	0	0	0	0	0	0	7
ASV_678	0	0	0	0	0	0	7	0	0	0	0	0	0	0	0	7
ASV_679	0	0	0	0	0	0	7	0	0	0	0	0	0	0	0	7
ASV_682	0	0	0	0	0	0	0	0	7	0	0	0	0	0	0	7
ASV_683	0	0	0	0	0	0	0	0	7	0	0	0	0	0	0	7
ASV_684	0	0	0	0	0	0	0	0	0	7	0	0	0	0	0	7
ASV_686	0	0	0	0	0	0	0	0	0	7	0	0	0	0	0	7
ASV_687	0	0	0	0	0	0	0	0	0	0	7	0	0	0	0	7
ASV_688	0	0	0	0	0	0	0	0	0	0	0	7	0	0	0	7
ASV_689	0	0	0	0	0	0	0	0	0	0	0	7	0	0	0	7
ASV_690	0	0	0	0	0	0	0	0	0	0	0	7	0	0	0	7
ASV_691	0	0	0	0	0	0	0	0	0	0	0	7	0	0	0	7
ASV_692	0	0	0	0	0	0	0	0	0	0	0	0	7	0	0	7
ASV_693	0	0	0	0	0	0	0	0	0	0	0	0	2	0	5	7
ASV_694	0	0	0	0	0	0	0	0	0	0	0	0	0	1	6	7
ASV_695	0	0	0	0	0	0	0	0	0	0	0	0	0	0	7	7
ASV_697	0	0	0	0	0	0	0	0	0	0	0	0	0	0	7	7
ASV_698	0	0	0	0	0	0	0	0	0	0	0	0	0	0	7	7
ASV_699	0	6	0	0	0	0	0	0	0	0	0	0	0	0	0	6
ASV_700	0	2	0	0	0	0	4	0	0	0	0	0	0	0	0	6
ASV_701	0	0	0	6	0	0	0	0	0	0	0	0	0	0	0	6
ASV_702	0	0	0	3	3	0	0	0	0	0	0	0	0	0	0	6
ASV_703	0	0	0	0	6	0	0	0	0	0	0	0	0	0	0	6
ASV_704	0	0	0	0	6	0	0	0	0	0	0	0	0	0	0	6
ASV_705	0	0	0	0	6	0	0	0	0	0	0	0	0	0	0	6
ASV_706	0	0	0	0	6	0	0	0	0	0	0	0	0	0	0	6
ASV_708	0	0	0	0	0	6	0	0	0	0	0	0	0	0	0	6
ASV_709	0	0	0	0	0	0	6	0	0	0	0	0	0	0	0	6
ASV_710	0	0	0	0	0	0	6	0	0	0	0	0	0	0	0	6
ASV_711	0	0	0	0	0	0	0	6	0	0	0	0	0	0	0	6
ASV_712	0	0	0	0	0	0	0	6	0	0	0	0	0	0	0	6
ASV_713	0	0	0	0	0	0	0	0	0	6	0	0	0	0	0	6
ASV_714	0	0	0	0	0	0	0	0	0	6	0	0	0	0	0	6
ASV_715	0	0	0	0	0	0	0	0	0	6	0	0	0	0	0	6
ASV_716	0	0	0	0	0	0	0	0	0	0	6	0	0	0	0	6
ASV_717	0	0	0	0	0	0	0	0	0	0	0	6	0	0	0	6
ASV_719	0	0	0	0	0	0	0	0	0	0	0	6	0	0	0	6
ASV_720	0	0	0	0	0	0	0	0	0	0	0	0	6	0	0	6
ASV_721	0	0	0	0	0	0	0	0	0	0	0	0	6	0	0	6
ASV_722	0	0	0	0	0	0	0	0	0	0	0	0	2	4	0	6
ASV_723	0	0	0	0	0	0	0	0	0	0	0	0	0	6	0	6
ASV_724	0	0	0	0	0	0	0	0	0	0	0	0	0	6	0	6
ASV_725	0	0	0	0	0	0	0	0	0	0	0	0	0	0	6	6
ASV_726	0	0	0	0	0	0	0	0	0	0	0	0	0	0	6	6
ASV_727	0	0	0	0	0	0	0	0	0	0	0	0	0	0	6	6
ASV_728	0	0	0	0	0	0	0	0	0	0	0	0	0	0	6	6
ASV_729	0	0	0	0	0	0	0	0	0	0	0	0	0	0	6	6
ASV_730	0	0	0	0	0	0	0	0	0	0	0	0	0	0	6	6
ASV_731	0	0	0	0	0	0	0	0	0	0	0	0	0	0	6	6
ASV_732	5	0	0	0	0	0	0	0	0	0	0	0	0	0	0	5
ASV_734	5	0	0	0	0	0	0	0	0	0	0	0	0	0	0	5
ASV_735	5	0	0	0	0	0	0	0	0	0	0	0	0	0	0	5
ASV_736	5	0	0	0	0	0	0	0	0	0	0	0	0	0	0	5
ASV_737	0	5	0	0	0	0	0	0	0	0	0	0	0	0	0	5
ASV_738	0	5	0	0	0	0	0	0	0	0	0	0	0	0	0	5
ASV_739	0	5	0	0	0	0	0	0	0	0	0	0	0	0	0	5
ASV_740	0	2	0	3	0	0	0	0	0	0	0	0	0	0	0	5
ASV_741	0	0	0	5	0	0	0	0	0	0	0	0	0	0	0	5
ASV_742	0	0	0	5	0	0	0	0	0	0	0	0	0	0	0	5
ASV_744	0	0	0	5	0	0	0	0	0	0	0	0	0	0	0	5
ASV_745	0	0	0	5	0	0	0	0	0	0	0	0	0	0	0	5
ASV_746	0	0	0	5	0	0	0	0	0	0	0	0	0	0	0	5
ASV_748	0	0	0	0	5	0	0	0	0	0	0	0	0	0	0	5
ASV_749	0	0	0	0	5	0	0	0	0	0	0	0	0	0	0	5
ASV_751	0	0	0	0	5	0	0	0	0	0	0	0	0	0	0	5
ASV_752	0	0	0	0	3	2	0	0	0	0	0	0	0	0	0	5
ASV_753	0	0	0	0	3	2	0	0	0	0	0	0	0	0	0	5
ASV_754	0	0	0	0	0	5	0	0	0	0	0	0	0	0	0	5
ASV_755	0	0	0	0	0	5	0	0	0	0	0	0	0	0	0	5
ASV_756	0	0	0	0	0	5	0	0	0	0	0	0	0	0	0	5
ASV_757	0	0	0	0	0	5	0	0	0	0	0	0	0	0	0	5
ASV_758	0	0	0	0	0	5	0	0	0	0	0	0	0	0	0	5
ASV_759	0	0	0	0	0	5	0	0	0	0	0	0	0	0	0	5
ASV_760	0	0	0	0	0	5	0	0	0	0	0	0	0	0	0	5
ASV_761	0	0	0	0	0	5	0	0	0	0	0	0	0	0	0	5
ASV_762	0	0	0	0	0	0	5	0	0	0	0	0	0	0	0	5
ASV_763	0	0	0	0	0	0	5	0	0	0	0	0	0	0	0	5
ASV_764	0	0	0	0	0	0	5	0	0	0	0	0	0	0	0	5
ASV_765	0	0	0	0	0	0	0	0	5	0	0	0	0	0	0	5
ASV_766	0	0	0	0	0	0	0	0	0	5	0	0	0	0	0	5
ASV_767	0	0	0	0	0	0	0	0	0	5	0	0	0	0	0	5
ASV_768	0	0	0	0	0	0	0	0	0	0	5	0	0	0	0	5
ASV_769	0	0	0	0	0	0	0	0	0	0	0	5	0	0	0	5
ASV_770	0	0	0	0	0	0	0	0	0	0	0	4	0	1	0	5
ASV_771	0	0	0	0	0	0	0	0	0	0	0	0	5	0	0	5
ASV_772	0	0	0	0	0	0	0	0	0	0	0	0	5	0	0	5
ASV_773	0	0	0	0	0	0	0	0	0	0	0	0	5	0	0	5
ASV_774	0	0	0	0	0	0	0	0	0	0	0	0	0	5	0	5
ASV_775	0	0	0	0	0	0	0	0	0	0	0	0	0	5	0	5
ASV_776	0	0	0	0	0	0	0	0	0	0	0	0	0	5	0	5
ASV_777	0	0	0	0	0	0	0	0	0	0	0	0	0	5	0	5
ASV_778	0	0	0	0	0	0	0	0	0	0	0	0	0	5	0	5
ASV_779	0	0	0	0	0	0	0	0	0	0	0	0	0	0	5	5
ASV_781	0	0	0	0	0	0	0	0	0	0	0	0	0	0	5	5
ASV_782	0	0	0	0	0	0	0	0	0	0	0	0	0	0	5	5
ASV_784	0	0	0	0	0	0	0	0	0	0	0	0	0	0	5	5
ASV_785	0	0	0	0	0	0	0	0	0	0	0	0	0	0	5	5
ASV_787	0	0	0	0	0	0	0	0	0	0	0	0	0	0	5	5
ASV_788	4	0	0	0	0	0	0	0	0	0	0	0	0	0	0	4
ASV_789	4	0	0	0	0	0	0	0	0	0	0	0	0	0	0	4
ASV_790	4	0	0	0	0	0	0	0	0	0	0	0	0	0	0	4
ASV_791	0	4	0	0	0	0	0	0	0	0	0	0	0	0	0	4
ASV_792	0	4	0	0	0	0	0	0	0	0	0	0	0	0	0	4
ASV_793	0	4	0	0	0	0	0	0	0	0	0	0	0	0	0	4
ASV_794	0	4	0	0	0	0	0	0	0	0	0	0	0	0	0	4
ASV_795	0	2	0	0	2	0	0	0	0	0	0	0	0	0	0	4
ASV_796	0	0	0	4	0	0	0	0	0	0	0	0	0	0	0	4
ASV_797	0	0	0	4	0	0	0	0	0	0	0	0	0	0	0	4
ASV_798	0	0	0	4	0	0	0	0	0	0	0	0	0	0	0	4
ASV_799	0	0	0	0	4	0	0	0	0	0	0	0	0	0	0	4
ASV_800	0	0	0	0	4	0	0	0	0	0	0	0	0	0	0	4
ASV_801	0	0	0	0	4	0	0	0	0	0	0	0	0	0	0	4
ASV_802	0	0	0	0	4	0	0	0	0	0	0	0	0	0	0	4
ASV_803	0	0	0	0	4	0	0	0	0	0	0	0	0	0	0	4
ASV_804	0	0	0	0	4	0	0	0	0	0	0	0	0	0	0	4
ASV_805	0	0	0	0	0	4	0	0	0	0	0	0	0	0	0	4
ASV_806	0	0	0	0	0	4	0	0	0	0	0	0	0	0	0	4
ASV_807	0	0	0	0	0	4	0	0	0	0	0	0	0	0	0	4
ASV_808	0	0	0	0	0	4	0	0	0	0	0	0	0	0	0	4
ASV_809	0	0	0	0	0	0	4	0	0	0	0	0	0	0	0	4
ASV_810	0	0	0	0	0	0	4	0	0	0	0	0	0	0	0	4
ASV_811	0	0	0	0	0	0	0	0	4	0	0	0	0	0	0	4
ASV_812	0	0	0	0	0	0	0	0	0	4	0	0	0	0	0	4
ASV_813	0	0	0	0	0	0	0	0	0	0	4	0	0	0	0	4
ASV_815	0	0	0	0	0	0	0	0	0	0	4	0	0	0	0	4
ASV_816	0	0	0	0	0	0	0	0	0	0	4	0	0	0	0	4
ASV_817	0	0	0	0	0	0	0	0	0	0	0	4	0	0	0	4
ASV_818	0	0	0	0	0	0	0	0	0	0	0	4	0	0	0	4
ASV_819	0	0	0	0	0	0	0	0	0	0	0	4	0	0	0	4
ASV_820	0	0	0	0	0	0	0	0	0	0	0	4	0	0	0	4
ASV_821	0	0	0	0	0	0	0	0	0	0	0	4	0	0	0	4
ASV_822	0	0	0	0	0	0	0	0	0	0	0	0	4	0	0	4
ASV_823	0	0	0	0	0	0	0	0	0	0	0	0	4	0	0	4
ASV_824	0	0	0	0	0	0	0	0	0	0	0	0	0	4	0	4
ASV_825	0	0	0	0	0	0	0	0	0	0	0	0	0	4	0	4
ASV_826	0	0	0	0	0	0	0	0	0	0	0	0	0	4	0	4
ASV_827	0	0	0	0	0	0	0	0	0	0	0	0	0	4	0	4
ASV_828	0	0	0	0	0	0	0	0	0	0	0	0	0	0	4	4
ASV_829	0	0	0	0	0	0	0	0	0	0	0	0	0	0	4	4
ASV_830	0	0	0	0	0	0	0	0	0	0	0	0	0	0	4	4
ASV_831	0	0	0	0	0	0	0	0	0	0	0	0	0	0	4	4
ASV_832	0	0	0	0	0	0	0	0	0	0	0	0	0	0	4	4
ASV_833	0	0	0	0	0	0	0	0	0	0	0	0	0	0	4	4
ASV_834	0	0	0	0	0	0	0	0	0	0	0	0	0	0	4	4
ASV_835	0	0	0	0	0	0	0	0	0	0	0	0	0	0	4	4
ASV_836	0	0	0	0	0	0	0	0	0	0	0	0	0	0	4	4
ASV_837	0	0	0	0	0	0	0	0	0	0	0	0	0	0	4	4
ASV_838	0	0	0	0	0	0	0	0	0	0	0	0	0	0	4	4
ASV_839	0	0	0	0	0	0	0	0	0	0	0	0	0	0	4	4
ASV_840	3	0	0	0	0	0	0	0	0	0	0	0	0	0	0	3
ASV_841	3	0	0	0	0	0	0	0	0	0	0	0	0	0	0	3
ASV_842	3	0	0	0	0	0	0	0	0	0	0	0	0	0	0	3
ASV_843	3	0	0	0	0	0	0	0	0	0	0	0	0	0	0	3
ASV_844	0	3	0	0	0	0	0	0	0	0	0	0	0	0	0	3
ASV_845	0	3	0	0	0	0	0	0	0	0	0	0	0	0	0	3
ASV_848	0	3	0	0	0	0	0	0	0	0	0	0	0	0	0	3
ASV_850	0	0	0	3	0	0	0	0	0	0	0	0	0	0	0	3
ASV_853	0	0	0	3	0	0	0	0	0	0	0	0	0	0	0	3
ASV_854	0	0	0	3	0	0	0	0	0	0	0	0	0	0	0	3
ASV_855	0	0	0	0	3	0	0	0	0	0	0	0	0	0	0	3
ASV_856	0	0	0	0	3	0	0	0	0	0	0	0	0	0	0	3
ASV_857	0	0	0	0	3	0	0	0	0	0	0	0	0	0	0	3
ASV_858	0	0	0	0	3	0	0	0	0	0	0	0	0	0	0	3
ASV_859	0	0	0	0	3	0	0	0	0	0	0	0	0	0	0	3
ASV_860	0	0	0	0	3	0	0	0	0	0	0	0	0	0	0	3
ASV_861	0	0	0	0	3	0	0	0	0	0	0	0	0	0	0	3
ASV_863	0	0	0	0	3	0	0	0	0	0	0	0	0	0	0	3
ASV_864	0	0	0	0	3	0	0	0	0	0	0	0	0	0	0	3
ASV_866	0	0	0	0	3	0	0	0	0	0	0	0	0	0	0	3
ASV_867	0	0	0	0	3	0	0	0	0	0	0	0	0	0	0	3
ASV_868	0	0	0	0	3	0	0	0	0	0	0	0	0	0	0	3
ASV_869	0	0	0	0	3	0	0	0	0	0	0	0	0	0	0	3
ASV_870	0	0	0	0	0	3	0	0	0	0	0	0	0	0	0	3
ASV_873	0	0	0	0	0	3	0	0	0	0	0	0	0	0	0	3
ASV_876	0	0	0	0	0	0	3	0	0	0	0	0	0	0	0	3
ASV_879	0	0	0	0	0	0	3	0	0	0	0	0	0	0	0	3
ASV_880	0	0	0	0	0	0	3	0	0	0	0	0	0	0	0	3
ASV_881	0	0	0	0	0	0	3	0	0	0	0	0	0	0	0	3
ASV_882	0	0	0	0	0	0	3	0	0	0	0	0	0	0	0	3
ASV_883	0	0	0	0	0	0	0	3	0	0	0	0	0	0	0	3
ASV_884	0	0	0	0	0	0	0	0	3	0	0	0	0	0	0	3
ASV_885	0	0	0	0	0	0	0	0	3	0	0	0	0	0	0	3
ASV_886	0	0	0	0	0	0	0	0	3	0	0	0	0	0	0	3
ASV_887	0	0	0	0	0	0	0	0	0	0	3	0	0	0	0	3
ASV_888	0	0	0	0	0	0	0	0	0	0	3	0	0	0	0	3
ASV_889	0	0	0	0	0	0	0	0	0	0	0	3	0	0	0	3
ASV_890	0	0	0	0	0	0	0	0	0	0	0	3	0	0	0	3
ASV_891	0	0	0	0	0	0	0	0	0	0	0	3	0	0	0	3
ASV_893	0	0	0	0	0	0	0	0	0	0	0	3	0	0	0	3
ASV_894	0	0	0	0	0	0	0	0	0	0	0	3	0	0	0	3
ASV_895	0	0	0	0	0	0	0	0	0	0	0	0	3	0	0	3
ASV_896	0	0	0	0	0	0	0	0	0	0	0	0	3	0	0	3
ASV_897	0	0	0	0	0	0	0	0	0	0	0	0	3	0	0	3
ASV_898	0	0	0	0	0	0	0	0	0	0	0	0	3	0	0	3
ASV_899	0	0	0	0	0	0	0	0	0	0	0	0	0	3	0	3
ASV_900	0	0	0	0	0	0	0	0	0	0	0	0	0	3	0	3
ASV_901	0	0	0	0	0	0	0	0	0	0	0	0	0	3	0	3
ASV_902	0	0	0	0	0	0	0	0	0	0	0	0	0	0	3	3
ASV_903	0	0	0	0	0	0	0	0	0	0	0	0	0	0	3	3
ASV_905	0	0	0	0	0	0	0	0	0	0	0	0	0	0	3	3
ASV_906	0	0	0	0	0	0	0	0	0	0	0	0	0	0	3	3
ASV_907	0	0	0	0	0	0	0	0	0	0	0	0	0	0	3	3
ASV_909	0	0	0	0	0	0	0	0	0	0	0	0	0	0	3	3
ASV_910	0	0	0	0	0	0	0	0	0	0	0	0	0	0	3	3
ASV_911	0	0	0	0	0	0	0	0	0	0	0	0	0	0	3	3
ASV_912	0	0	0	0	0	0	0	0	0	0	0	0	0	0	3	3
ASV_914	0	0	0	0	0	0	0	0	0	0	0	0	0	0	3	3
ASV_915	2	0	0	0	0	0	0	0	0	0	0	0	0	0	0	2
ASV_917	2	0	0	0	0	0	0	0	0	0	0	0	0	0	0	2
ASV_918	2	0	0	0	0	0	0	0	0	0	0	0	0	0	0	2
ASV_919	2	0	0	0	0	0	0	0	0	0	0	0	0	0	0	2
ASV_920	1	0	0	1	0	0	0	0	0	0	0	0	0	0	0	2
ASV_921	0	2	0	0	0	0	0	0	0	0	0	0	0	0	0	2
ASV_922	0	2	0	0	0	0	0	0	0	0	0	0	0	0	0	2
ASV_923	0	2	0	0	0	0	0	0	0	0	0	0	0	0	0	2
ASV_924	0	2	0	0	0	0	0	0	0	0	0	0	0	0	0	2
ASV_925	0	2	0	0	0	0	0	0	0	0	0	0	0	0	0	2
ASV_926	0	2	0	0	0	0	0	0	0	0	0	0	0	0	0	2
ASV_927	0	2	0	0	0	0	0	0	0	0	0	0	0	0	0	2
ASV_928	0	2	0	0	0	0	0	0	0	0	0	0	0	0	0	2
ASV_930	0	0	2	0	0	0	0	0	0	0	0	0	0	0	0	2
ASV_931	0	0	2	0	0	0	0	0	0	0	0	0	0	0	0	2
ASV_932	0	0	0	2	0	0	0	0	0	0	0	0	0	0	0	2
ASV_933	0	0	0	2	0	0	0	0	0	0	0	0	0	0	0	2
ASV_934	0	0	0	2	0	0	0	0	0	0	0	0	0	0	0	2
ASV_936	0	0	0	2	0	0	0	0	0	0	0	0	0	0	0	2
ASV_937	0	0	0	2	0	0	0	0	0	0	0	0	0	0	0	2
ASV_939	0	0	0	0	2	0	0	0	0	0	0	0	0	0	0	2
ASV_941	0	0	0	0	2	0	0	0	0	0	0	0	0	0	0	2
ASV_942	0	0	0	0	2	0	0	0	0	0	0	0	0	0	0	2
ASV_944	0	0	0	0	0	2	0	0	0	0	0	0	0	0	0	2
ASV_945	0	0	0	0	0	2	0	0	0	0	0	0	0	0	0	2
ASV_947	0	0	0	0	0	2	0	0	0	0	0	0	0	0	0	2
ASV_948	0	0	0	0	0	0	2	0	0	0	0	0	0	0	0	2
ASV_950	0	0	0	0	0	0	2	0	0	0	0	0	0	0	0	2
ASV_951	0	0	0	0	0	0	2	0	0	0	0	0	0	0	0	2
ASV_952	0	0	0	0	0	0	2	0	0	0	0	0	0	0	0	2
ASV_953	0	0	0	0	0	0	2	0	0	0	0	0	0	0	0	2
ASV_957	0	0	0	0	0	0	0	2	0	0	0	0	0	0	0	2
ASV_959	0	0	0	0	0	0	0	0	2	0	0	0	0	0	0	2
ASV_960	0	0	0	0	0	0	0	0	2	0	0	0	0	0	0	2
ASV_961	0	0	0	0	0	0	0	0	2	0	0	0	0	0	0	2
ASV_962	0	0	0	0	0	0	0	0	2	0	0	0	0	0	0	2
ASV_963	0	0	0	0	0	0	0	0	0	2	0	0	0	0	0	2
ASV_964	0	0	0	0	0	0	0	0	0	2	0	0	0	0	0	2
ASV_965	0	0	0	0	0	0	0	0	0	1	0	1	0	0	0	2
ASV_966	0	0	0	0	0	0	0	0	0	0	2	0	0	0	0	2
ASV_968	0	0	0	0	0	0	0	0	0	0	2	0	0	0	0	2
ASV_969	0	0	0	0	0	0	0	0	0	0	2	0	0	0	0	2
ASV_971	0	0	0	0	0	0	0	0	0	0	0	2	0	0	0	2
ASV_972	0	0	0	0	0	0	0	0	0	0	0	2	0	0	0	2
ASV_973	0	0	0	0	0	0	0	0	0	0	0	2	0	0	0	2
ASV_975	0	0	0	0	0	0	0	0	0	0	0	2	0	0	0	2
ASV_976	0	0	0	0	0	0	0	0	0	0	0	0	2	0	0	2
ASV_977	0	0	0	0	0	0	0	0	0	0	0	0	2	0	0	2
ASV_978	0	0	0	0	0	0	0	0	0	0	0	0	2	0	0	2
ASV_979	0	0	0	0	0	0	0	0	0	0	0	0	0	2	0	2
ASV_980	0	0	0	0	0	0	0	0	0	0	0	0	0	2	0	2
ASV_981	0	0	0	0	0	0	0	0	0	0	0	0	0	2	0	2
ASV_982	0	0	0	0	0	0	0	0	0	0	0	0	0	2	0	2
ASV_983	0	0	0	0	0	0	0	0	0	0	0	0	0	2	0	2
ASV_985	0	0	0	0	0	0	0	0	0	0	0	0	0	2	0	2
ASV_986	0	0	0	0	0	0	0	0	0	0	0	0	0	0	2	2
ASV_989	0	0	0	0	0	0	0	0	0	0	0	0	0	0	2	2
ASV_990	0	0	0	0	0	0	0	0	0	0	0	0	0	0	2	2
ASV_991	0	0	0	0	0	0	0	0	0	0	0	0	0	0	2	2
ASV_992	0	0	0	0	0	0	0	0	0	0	0	0	0	0	2	2
ASV_993	0	0	0	0	0	0	0	0	0	0	0	0	0	0	2	2
ASV_995	0	0	0	0	0	0	0	0	0	0	0	0	0	0	2	2
