ASV_id	BD28	BD29	BD31	BD45	BD70	BD76	BD77	BD86	BD87	BD88	BD89	BD90	BD91	BD93	BD94	total
ASV_2	2622	2254	1955	1896	4390	2096	570	1840	5189	3638	1725	315	111	1112	1231	30944
ASV_3	0	10	0	0	270	7758	13343	6161	78	35	85	263	0	15	0	28018
ASV_4	2707	7223	0	2806	109	1251	135	2110	104	32	0	0	28	44	43	16592
ASV_5	1518	2315	1450	375	1325	1022	361	1730	1002	109	568	402	428	1866	157	14628
ASV_6	155	122	2675	37	50	416	36	597	651	2680	1704	1363	2036	925	724	14171
ASV_7	2514	2879	189	119	55	277	1142	23	1195	35	84	4529	45	15	9	13110
ASV_8	971	975	1800	727	147	205	151	341	280	5403	306	119	255	1053	73	12806
ASV_9	1778	2239	314	1262	260	115	122	281	2087	138	6	18	120	746	31	9517
ASV_10	578	604	112	141	280	830	925	812	483	1796	404	1081	122	485	691	9344
ASV_11	2005	2045	2255	625	637	806	314	472	0	15	0	0	0	0	0	9174
ASV_12	278	172	87	139	197	2415	3088	1747	88	142	336	83	0	0	0	8772
ASV_13	107	519	449	218	708	1332	957	2974	10	0	25	11	6	1205	0	8521
ASV_14	221	419	72	86	159	874	152	436	671	221	768	309	581	630	926	6525
ASV_15	2034	1429	715	1590	406	105	14	84	16	0	0	0	0	25	0	6418
ASV_16	868	2247	1055	774	230	102	47	142	320	555	0	0	0	9	6	6355
ASV_17	249	687	166	195	176	751	318	432	64	384	1135	429	245	549	55	5835
ASV_18	193	238	74	35	98	249	62	100	798	133	325	406	1162	579	779	5231
ASV_19	3	8	10	0	4489	389	68	158	0	0	0	0	0	0	0	5125
ASV_20	685	417	414	118	225	355	1041	234	334	34	19	724	107	13	308	5028
ASV_21	176	152	202	88	93	110	28	171	65	867	1103	406	313	653	316	4743
ASV_22	0	0	0	10	0	0	0	0	565	992	2203	607	146	133	40	4696
ASV_23	0	0	0	0	0	0	0	0	2380	250	5	2033	6	0	0	4674
ASV_24	0	0	0	0	43	1211	2146	994	0	0	0	65	0	0	0	4459
ASV_25	16	0	385	0	84	43	6	69	51	56	2831	210	189	392	13	4345
ASV_26	310	377	623	16	306	191	810	99	103	10	88	597	107	99	337	4073
ASV_27	0	0	0	0	0	0	0	0	202	990	1372	676	97	454	50	3841
ASV_28	0	0	0	0	483	1084	295	569	101	26	93	50	356	353	205	3615
ASV_29	174	71	79	18	114	269	2346	165	7	23	0	9	0	0	0	3275
ASV_30	43	56	0	13	18	1568	567	968	0	0	0	0	0	0	0	3233
ASV_31	190	52	195	65	92	356	1367	309	13	104	6	21	0	50	8	2828
ASV_32	884	538	142	178	60	508	67	379	0	0	16	14	0	10	0	2796
ASV_33	242	411	227	27	173	186	344	119	124	25	142	380	48	38	112	2598
ASV_34	686	466	417	388	27	49	9	90	141	10	85	46	0	72	0	2486
ASV_35	0	0	0	0	0	15	0	0	20	482	0	1693	134	58	0	2402
ASV_36	5	24	0	0	0	0	50	0	8	32	182	52	375	1460	195	2383
ASV_37	52	19	2091	34	132	0	28	0	0	0	0	0	0	0	0	2356
ASV_38	28	43	12	7	0	0	29	14	0	0	0	4	115	0	2020	2272
ASV_39	91	191	52	130	36	513	954	224	38	7	0	15	0	0	0	2251
ASV_40	147	345	260	75	23	654	316	393	5	0	0	0	0	0	0	2218
ASV_41	40	27	1677	14	108	0	5	270	0	0	44	0	0	0	0	2185
ASV_42	0	0	1021	0	5	205	43	97	140	108	41	115	169	70	24	2038
ASV_43	54	57	22	12	14	0	15	22	306	52	117	167	464	363	339	2004
ASV_44	685	380	0	164	18	22	12	28	488	5	0	0	0	0	0	1802
ASV_45	154	78	197	53	92	89	27	44	449	199	169	78	10	6	79	1724
ASV_46	0	0	6	0	0	0	0	0	367	71	297	491	242	206	17	1697
ASV_47	213	293	164	0	94	43	256	24	39	0	87	315	26	8	90	1652
ASV_48	0	0	0	0	0	0	0	0	9	748	463	37	144	153	16	1570
ASV_49	13	179	236	17	1103	0	0	8	12	0	0	0	0	0	0	1568
ASV_50	419	439	158	70	59	100	103	103	13	0	0	0	0	72	0	1536
ASV_51	14	19	30	6	682	180	412	160	0	0	0	0	0	0	0	1503
ASV_53	335	205	112	130	5	208	4	180	96	6	22	69	15	11	5	1403
ASV_54	10	27	23	0	74	523	70	308	56	0	87	40	114	67	0	1399
ASV_55	52	303	0	0	0	0	0	137	0	35	178	133	113	211	213	1375
ASV_56	67	402	0	83	3	151	343	317	0	0	0	0	0	3	0	1369
ASV_57	0	0	0	0	0	0	0	0	0	0	1047	36	86	196	3	1368
ASV_58	0	0	0	0	0	0	0	0	33	0	730	59	185	251	35	1293
ASV_59	0	0	0	9	0	0	142	45	0	0	0	0	66	89	929	1280
ASV_60	105	217	44	61	36	247	108	132	146	45	41	61	3	19	0	1265
ASV_61	0	0	0	0	0	0	0	0	28	1194	17	20	0	0	0	1259
ASV_62	0	0	0	0	0	0	3	179	0	11	0	0	713	266	40	1212
ASV_63	193	126	23	18	10	55	6	18	295	8	67	321	8	10	0	1158
ASV_64	11	107	171	10	0	0	0	22	755	60	0	0	0	0	19	1155
ASV_65	0	0	0	68	0	0	0	0	0	0	964	37	0	0	82	1151
ASV_66	121	138	95	36	50	100	21	95	60	303	0	28	24	0	30	1101
ASV_67	0	0	0	0	0	0	0	0	204	73	415	200	77	70	48	1087
ASV_68	0	0	4	0	0	0	10	1017	0	0	0	0	0	0	0	1031
ASV_69	0	13	215	0	0	36	7	110	0	37	84	16	173	234	96	1021
ASV_70	865	41	0	111	0	0	0	0	0	0	0	0	0	0	0	1017
ASV_71	0	0	322	0	0	238	49	260	18	32	11	10	9	21	0	970
ASV_72	0	0	0	0	0	0	0	0	20	0	0	633	47	206	64	970
ASV_73	111	252	67	100	33	39	6	61	0	102	78	0	0	120	0	969
ASV_74	33	34	10	15	26	0	37	90	137	52	76	80	100	114	143	947
ASV_75	0	0	11	0	24	243	15	221	19	0	37	17	123	117	112	939
ASV_76	337	175	10	114	0	0	0	0	0	274	0	9	0	0	0	919
ASV_77	286	226	80	96	25	85	0	113	0	0	0	0	0	0	0	911
ASV_78	138	252	73	36	125	162	0	76	0	0	17	0	0	18	0	897
ASV_79	0	0	0	0	0	0	0	0	14	4	0	6	293	355	185	857
ASV_80	0	0	0	0	717	47	49	24	0	0	0	0	0	0	0	837
ASV_81	0	4	0	0	0	0	0	0	0	0	185	0	159	256	226	830
ASV_82	0	0	0	0	814	0	0	0	0	0	0	0	0	0	0	814
ASV_83	0	0	0	0	0	0	0	0	76	0	584	33	35	77	0	805
ASV_84	66	588	54	79	16	0	0	0	0	0	0	0	0	0	0	803
ASV_85	0	0	0	0	0	0	0	0	272	36	272	61	77	61	14	793
ASV_86	0	99	0	0	3	0	6	44	0	39	0	7	68	243	248	757
ASV_87	48	117	39	12	12	0	0	7	65	0	144	100	76	84	38	742
ASV_88	58	66	175	33	5	0	5	19	322	0	0	0	51	0	0	734
ASV_89	0	0	0	0	67	194	26	268	36	0	0	0	44	51	41	727
ASV_90	0	0	0	10	299	113	226	73	0	0	0	0	0	0	0	721
ASV_91	21	0	344	0	18	108	40	104	29	14	19	23	0	0	0	720
ASV_92	0	0	0	0	0	0	0	0	0	216	254	157	0	88	0	715
ASV_93	418	124	39	37	29	0	50	0	0	0	0	0	0	0	0	697
ASV_94	0	0	0	0	0	127	0	349	0	0	72	108	9	7	0	672
ASV_95	0	17	158	5	10	202	0	128	0	0	42	25	32	26	0	645
ASV_96	10	54	48	23	0	0	10	46	191	235	0	0	0	24	0	641
ASV_97	106	173	93	40	0	0	0	18	11	5	32	13	11	43	93	638
ASV_98	0	0	0	0	0	0	0	0	6	0	259	212	118	21	0	616
ASV_99	5	0	5	0	0	57	0	419	5	0	0	0	18	90	13	612
ASV_100	40	30	503	13	10	0	7	0	0	0	0	0	0	0	0	603
ASV_101	211	215	92	60	0	17	0	0	0	0	0	0	0	0	0	595
ASV_102	0	0	0	0	0	0	0	0	0	0	0	0	139	0	443	582
ASV_103	0	0	0	0	0	0	0	0	7	193	4	112	16	44	188	564
ASV_104	0	0	0	0	0	0	0	0	100	138	45	57	21	9	190	560
ASV_105	140	169	25	61	0	58	10	60	0	0	0	0	0	30	0	553
ASV_106	0	0	0	0	102	196	112	120	0	0	0	0	22	0	0	552
ASV_107	130	137	243	41	0	0	0	0	0	0	0	0	0	0	0	551
ASV_108	0	0	0	0	0	134	12	215	156	16	0	0	0	0	0	533
ASV_109	7	0	198	0	0	0	0	0	0	7	136	55	21	48	57	529
ASV_110	0	0	0	0	0	60	39	380	44	0	0	0	0	4	0	527
ASV_111	65	66	31	0	0	79	57	0	24	0	16	183	0	0	0	521
ASV_112	0	0	0	0	0	0	0	0	0	254	8	14	0	222	22	520
ASV_113	94	102	172	77	0	30	0	36	0	0	0	0	0	0	0	511
ASV_114	0	45	11	14	0	0	0	16	0	276	0	13	11	59	49	494
ASV_115	0	0	0	0	0	0	0	0	12	472	0	0	8	0	0	492
ASV_116	0	0	0	0	0	0	0	0	0	0	0	0	177	221	91	489
ASV_117	0	0	0	0	0	0	0	0	0	0	0	0	34	0	454	488
ASV_118	0	0	0	0	0	236	0	206	0	0	44	0	0	0	0	486
ASV_119	177	96	24	30	6	18	27	86	0	0	5	0	0	0	0	469
ASV_120	0	0	0	0	0	0	0	0	16	36	132	235	12	17	19	467
ASV_121	72	37	197	138	5	7	0	0	0	0	0	0	0	0	0	456
ASV_122	0	0	0	0	0	0	0	0	14	3	0	128	7	217	81	450
ASV_123	0	0	9	0	0	0	0	0	150	38	8	67	79	49	37	437
ASV_124	31	53	43	7	13	0	64	50	23	18	26	74	7	23	0	432
ASV_125	0	0	0	0	14	31	47	16	0	319	0	0	0	0	0	427
ASV_126	19	5	117	0	0	160	0	22	26	4	40	27	0	0	0	420
ASV_127	20	7	72	0	126	61	16	69	9	31	0	7	0	0	0	418
ASV_128	77	171	51	87	16	0	0	0	6	0	3	0	0	0	0	411
ASV_129	53	120	11	34	15	0	30	9	0	0	32	23	3	46	19	395
ASV_130	129	0	8	146	0	0	0	51	0	8	0	5	4	18	24	393
ASV_131	122	119	58	93	0	0	0	0	0	0	0	0	0	0	0	392
ASV_132	106	63	78	55	4	19	0	9	0	0	0	0	6	14	36	390
ASV_133	59	41	0	0	0	28	0	0	14	0	0	247	0	0	0	389
ASV_134	0	0	0	0	0	173	62	153	0	0	0	0	0	0	0	388
ASV_135	0	0	0	0	0	0	0	0	0	0	28	11	134	164	48	385
ASV_136	0	0	0	0	11	16	18	29	217	47	0	0	0	0	46	384
ASV_137	0	0	48	5	0	0	0	0	0	51	0	0	0	144	135	383
ASV_138	0	0	0	0	0	68	0	216	0	0	0	0	61	34	0	379
ASV_139	12	0	0	0	0	0	0	0	0	0	55	27	42	111	130	377
ASV_140	0	0	0	0	0	12	0	9	167	164	0	12	0	0	12	376
ASV_142	82	81	12	22	0	72	86	7	0	0	0	0	0	0	0	362
ASV_143	116	106	41	69	29	0	0	0	0	0	0	0	0	0	0	361
ASV_144	0	0	0	0	0	0	0	0	0	335	0	23	0	0	0	358
ASV_145	0	0	0	0	0	0	0	0	0	0	52	9	55	88	154	358
ASV_147	18	48	43	18	0	33	0	43	0	50	0	0	14	65	0	332
ASV_148	203	44	33	50	0	0	0	0	0	0	0	0	0	0	0	330
ASV_149	0	0	0	0	0	0	0	0	6	296	0	28	0	0	0	330
ASV_150	74	175	36	37	0	0	0	0	0	0	0	0	0	0	0	322
ASV_151	0	0	0	0	0	63	0	146	0	0	0	0	45	59	0	313
ASV_152	97	77	0	0	0	91	0	47	0	0	0	0	0	0	0	312
ASV_153	34	170	24	8	14	22	28	12	0	0	0	0	0	0	0	312
ASV_154	13	15	0	8	10	29	0	10	125	0	0	76	12	14	0	312
ASV_155	5	37	7	34	228	0	0	0	0	0	0	0	0	0	0	311
ASV_156	0	0	0	0	0	0	0	0	0	0	0	0	31	35	245	311
ASV_157	40	34	91	15	20	56	11	27	0	12	0	0	0	0	0	306
ASV_158	266	39	0	0	0	0	0	0	0	0	0	0	0	0	0	305
ASV_159	44	154	44	56	0	0	0	0	0	0	0	0	0	0	0	298
ASV_160	0	0	0	0	0	0	0	0	0	3	110	0	30	43	111	297
ASV_161	0	0	0	0	0	56	0	0	46	0	35	0	31	59	65	292
ASV_162	0	0	0	0	0	0	0	0	0	0	0	10	171	31	80	292
ASV_163	0	0	0	0	0	30	0	38	0	0	31	0	27	58	104	288
ASV_164	0	0	0	0	24	7	96	31	30	10	4	37	10	0	29	278
ASV_165	0	0	0	0	0	0	0	0	0	0	156	83	0	39	0	278
ASV_166	0	0	0	0	0	0	0	0	0	193	6	5	22	41	10	277
ASV_167	24	184	2	26	0	13	0	26	0	0	0	0	0	0	0	275
ASV_168	0	0	0	0	0	98	0	75	0	0	0	0	72	0	29	274
ASV_169	0	0	0	0	0	140	52	75	0	0	0	0	0	0	0	267
ASV_170	0	0	241	19	0	0	0	0	0	0	0	0	0	0	0	260
ASV_171	0	0	0	0	0	0	0	0	0	0	0	0	20	0	238	258
ASV_172	43	45	29	24	43	19	0	19	8	0	12	0	6	6	0	254
ASV_173	105	60	0	42	0	0	26	0	8	0	0	9	0	0	0	250
ASV_174	0	0	0	0	0	0	0	0	0	0	0	6	231	0	13	250
ASV_176	0	0	0	0	0	34	8	23	0	105	0	4	55	20	0	249
ASV_177	0	0	0	0	0	0	19	0	10	19	8	33	8	59	89	245
ASV_178	0	0	0	0	0	0	0	7	49	0	54	20	58	56	0	244
ASV_179	0	0	74	0	0	97	0	38	0	0	0	0	0	33	0	242
ASV_180	22	99	16	30	22	29	11	11	0	0	0	0	0	0	0	240
ASV_181	0	0	93	0	0	0	0	20	11	23	10	22	15	31	13	238
ASV_182	0	0	0	0	0	47	0	0	38	0	77	26	0	50	0	238
ASV_183	18	44	0	0	5	104	0	66	0	0	0	0	0	0	0	237
ASV_184	0	0	0	0	0	60	0	0	0	0	0	20	0	0	144	224
ASV_185	9	62	0	10	0	23	16	55	0	13	0	5	7	23	0	223
ASV_186	0	0	0	0	0	0	0	0	0	29	0	0	123	26	44	222
ASV_187	0	0	0	0	0	0	0	0	0	35	138	0	11	26	0	210
ASV_188	29	15	59	11	0	55	0	30	10	0	0	0	0	0	0	209
ASV_189	0	0	0	0	0	0	0	0	0	0	0	91	22	58	37	208
ASV_190	0	0	0	0	47	36	38	0	19	0	0	15	26	0	26	207
ASV_192	0	0	0	0	0	0	0	0	0	15	92	35	21	42	0	205
ASV_193	0	0	0	0	0	0	0	0	44	0	0	54	53	35	17	203
ASV_194	0	45	0	0	8	0	102	17	11	8	5	6	0	0	0	202
ASV_195	29	44	22	10	11	25	18	7	0	0	0	0	2	17	15	200
ASV_196	0	0	0	0	15	0	18	28	0	0	0	0	19	95	20	195
ASV_197	0	0	0	0	0	0	0	0	0	179	0	0	0	15	0	194
ASV_198	82	23	74	14	0	0	0	0	0	0	0	0	0	0	0	193
ASV_199	16	10	23	0	3	61	18	11	0	0	0	0	0	49	0	191
ASV_200	0	0	0	0	0	0	0	0	0	0	0	0	6	0	183	189
ASV_201	0	0	0	0	111	0	33	7	26	0	0	0	0	0	10	187
ASV_202	0	0	0	0	63	9	71	13	0	0	0	0	13	9	0	178
ASV_203	5	62	11	44	11	0	29	12	0	0	0	0	0	0	0	174
ASV_204	19	26	12	0	10	5	74	9	0	0	0	0	0	17	0	172
ASV_205	0	0	0	0	0	0	0	0	0	44	51	0	0	64	10	169
ASV_206	0	0	0	0	0	0	0	0	0	0	0	0	0	0	169	169
ASV_208	0	0	157	0	0	0	0	0	0	0	0	0	0	11	0	168
ASV_209	0	0	0	0	0	21	0	71	0	0	0	0	18	49	9	168
ASV_210	52	31	74	10	0	0	0	0	0	0	0	0	0	0	0	167
ASV_211	0	0	0	0	0	0	0	0	0	0	0	0	23	84	60	167
ASV_212	0	0	0	0	0	0	0	0	0	0	0	0	28	23	115	166
ASV_213	0	0	43	0	0	0	0	0	0	101	0	3	0	0	16	163
ASV_214	35	35	20	0	14	0	14	0	0	0	0	0	0	0	44	162
ASV_215	8	33	32	0	0	0	17	48	0	0	0	0	4	8	11	161
ASV_216	0	0	62	0	0	17	3	30	0	8	8	0	12	21	0	161
ASV_217	0	0	0	160	0	0	0	0	0	0	0	0	0	0	0	160
ASV_218	0	0	0	0	6	59	0	61	0	0	0	0	0	28	0	154
ASV_219	115	6	0	31	0	0	0	0	0	0	0	0	0	0	0	152
ASV_220	0	0	0	0	16	22	6	35	0	7	50	0	3	12	0	151
ASV_221	0	0	0	0	0	48	0	60	14	0	0	0	0	28	0	150
ASV_222	0	0	0	0	84	0	8	0	0	0	32	0	24	0	0	148
ASV_223	0	0	0	0	0	0	0	0	48	67	0	31	0	0	0	146
ASV_224	41	22	39	0	0	39	0	0	0	0	0	0	0	0	0	141
ASV_225	0	141	0	0	0	0	0	0	0	0	0	0	0	0	0	141
ASV_226	14	5	53	0	0	16	0	0	38	0	9	0	5	0	0	140
ASV_227	0	0	0	0	0	0	0	0	0	0	0	140	0	0	0	140
ASV_228	0	0	0	0	0	0	0	0	0	0	0	0	0	0	139	139
ASV_229	0	0	0	0	0	82	0	55	0	0	0	0	0	0	0	137
ASV_230	0	0	0	0	0	0	0	0	0	34	0	0	0	14	89	137
ASV_231	0	0	0	0	0	0	0	0	55	24	10	41	0	6	0	136
ASV_232	0	0	0	0	2	8	5	0	21	0	9	23	9	40	18	135
ASV_233	0	17	40	0	77	0	0	0	0	0	0	0	0	0	0	134
ASV_234	0	0	0	0	0	0	0	0	0	0	0	0	0	42	91	133
ASV_235	0	130	0	0	0	0	0	0	0	0	0	0	0	0	0	130
ASV_236	14	48	0	21	0	11	18	17	0	0	0	0	0	0	0	129
ASV_237	0	0	0	0	0	0	0	0	7	0	11	7	47	25	28	125
ASV_238	0	0	8	0	16	0	12	13	9	0	11	0	21	18	14	122
ASV_239	0	0	0	0	0	0	0	0	0	97	0	0	25	0	0	122
ASV_240	43	17	50	10	0	0	0	0	0	0	0	0	0	0	0	120
ASV_241	21	77	0	0	0	18	4	0	0	0	0	0	0	0	0	120
ASV_242	0	0	0	0	0	0	0	0	0	0	0	0	58	46	16	120
ASV_243	0	0	0	0	20	49	0	50	0	0	0	0	0	0	0	119
ASV_244	0	0	0	0	0	0	0	0	0	0	36	29	25	7	20	117
ASV_246	0	4	0	0	0	24	8	59	0	0	0	0	0	0	21	116
ASV_247	8	5	30	5	7	44	9	7	0	0	0	0	0	0	0	115
ASV_248	0	0	0	0	0	20	0	0	0	0	0	0	70	24	0	114
ASV_249	0	0	0	0	0	0	0	0	0	0	0	0	19	14	81	114
ASV_250	0	0	0	0	0	0	0	0	0	0	0	0	11	68	35	114
ASV_251	0	0	0	0	0	0	0	0	0	0	0	0	0	0	114	114
ASV_253	0	0	0	0	0	0	110	0	0	0	0	0	0	0	0	110
ASV_254	0	0	0	0	0	0	0	0	0	0	0	0	0	0	110	110
ASV_255	23	9	0	4	0	12	44	17	0	0	0	0	0	0	0	109
ASV_256	0	17	0	0	0	47	0	16	0	17	0	9	0	3	0	109
ASV_257	0	76	0	0	0	11	0	21	0	0	0	0	0	0	0	108
ASV_258	0	0	0	0	0	0	0	0	0	88	10	10	0	0	0	108
ASV_259	9	36	0	18	0	20	3	9	5	0	0	0	0	5	0	105
ASV_260	0	0	0	0	0	60	45	0	0	0	0	0	0	0	0	105
ASV_261	0	24	80	0	0	0	0	0	0	0	0	0	0	0	0	104
ASV_262	0	0	0	0	0	0	0	0	0	0	11	14	26	17	35	103
ASV_263	0	0	0	0	0	0	0	0	0	0	0	0	11	0	92	103
ASV_264	0	0	0	0	0	0	0	0	0	0	0	0	29	0	73	102
ASV_265	0	27	0	0	0	0	0	0	0	0	0	0	0	27	44	98
ASV_266	0	11	40	0	35	0	0	12	0	0	0	0	0	0	0	98
ASV_267	0	0	0	0	0	40	0	31	0	0	0	0	6	21	0	98
ASV_268	0	0	0	0	0	0	0	98	0	0	0	0	0	0	0	98
ASV_269	0	0	0	0	0	0	0	0	0	0	0	0	10	78	9	97
ASV_270	9	20	4	0	0	0	0	62	0	0	0	0	0	0	0	95
ASV_271	0	0	0	0	0	0	0	0	0	0	0	0	19	31	45	95
ASV_272	0	11	59	9	0	0	0	0	0	0	0	0	0	0	15	94
ASV_274	0	0	0	0	19	0	5	15	7	0	19	9	8	11	0	93
ASV_275	0	0	0	0	0	0	0	0	0	0	0	0	0	0	93	93
ASV_276	0	0	0	0	0	0	0	0	0	0	0	0	38	54	0	92
ASV_277	0	0	0	0	33	0	0	0	44	0	0	0	0	0	13	90
ASV_278	9	0	16	0	0	0	0	0	23	0	22	19	0	0	0	89
ASV_279	4	6	0	0	0	0	0	0	7	14	12	33	2	9	2	89
ASV_280	0	0	0	0	0	58	0	27	0	0	4	0	0	0	0	89
ASV_281	0	0	0	0	0	0	0	0	0	0	9	19	27	34	0	89
ASV_282	0	0	0	0	0	18	0	0	12	7	5	18	0	17	9	86
ASV_283	0	0	0	0	0	0	0	0	0	0	8	7	34	28	9	86
ASV_284	0	7	0	2	0	0	6	8	10	22	0	0	6	9	15	85
ASV_285	0	0	0	0	0	21	9	0	21	19	7	8	0	0	0	85
ASV_286	0	0	0	0	0	43	21	20	0	0	0	0	0	0	0	84
ASV_287	0	0	0	0	0	0	0	0	0	0	58	5	0	14	7	84
ASV_288	22	16	4	23	0	0	0	14	2	0	0	0	0	2	0	83
ASV_289	0	0	37	0	0	0	0	16	0	0	0	0	0	28	0	81
ASV_290	0	0	0	81	0	0	0	0	0	0	0	0	0	0	0	81
ASV_291	0	0	0	0	0	12	0	0	0	0	8	0	15	44	0	79
ASV_292	21	14	8	0	0	0	0	12	0	23	0	0	0	0	0	78
ASV_293	0	0	48	0	0	29	0	0	0	0	0	0	0	0	0	77
ASV_294	0	0	0	0	0	0	0	0	0	0	0	0	35	9	33	77
ASV_295	0	0	0	0	14	40	0	12	10	0	0	0	0	0	0	76
ASV_296	0	0	31	0	0	30	14	0	0	0	0	0	0	0	0	75
ASV_297	0	0	0	0	0	0	0	0	0	0	0	74	0	0	0	74
ASV_298	0	2	0	0	0	41	0	20	6	0	0	4	0	0	0	73
ASV_299	0	0	0	0	0	0	0	0	0	0	0	0	19	31	23	73
ASV_300	0	0	72	0	0	0	0	0	0	0	0	0	0	0	0	72
ASV_301	0	0	0	0	0	0	0	0	0	12	4	0	0	0	56	72
ASV_302	0	0	0	0	0	0	0	0	0	0	24	0	48	0	0	72
ASV_303	0	0	0	0	0	0	0	0	0	0	0	0	0	0	72	72
ASV_304	0	0	20	0	0	0	0	0	0	0	0	0	11	20	20	71
ASV_305	0	0	0	0	0	0	0	6	0	44	0	0	9	12	0	71
ASV_306	0	0	0	0	0	0	0	0	0	24	0	0	0	47	0	71
ASV_307	0	0	0	70	0	0	0	0	0	0	0	0	0	0	0	70
ASV_308	0	0	0	0	0	0	0	0	0	36	0	0	34	0	0	70
ASV_309	0	0	0	0	0	0	0	0	0	0	0	0	0	22	47	69
ASV_310	34	0	16	12	0	0	6	0	0	0	0	0	0	0	0	68
ASV_311	0	0	0	0	26	23	7	4	8	0	0	0	0	0	0	68
ASV_312	0	0	0	0	0	0	0	0	0	0	29	0	0	39	0	68
ASV_313	37	10	6	0	0	0	13	0	0	0	0	0	0	0	0	66
ASV_314	13	0	0	3	0	17	0	3	0	30	0	0	0	0	0	66
ASV_315	0	0	0	0	0	0	0	0	0	0	0	0	0	0	66	66
ASV_316	11	0	0	0	0	0	18	0	15	0	0	21	0	0	0	65
ASV_317	0	0	0	0	0	0	0	4	0	0	0	0	19	42	0	65
ASV_318	0	0	0	0	0	0	0	0	0	0	0	0	25	0	40	65
ASV_319	0	0	0	0	0	0	0	0	0	0	0	0	0	48	17	65
ASV_320	0	0	0	0	0	0	0	0	0	0	0	0	0	0	64	64
ASV_321	1	5	12	0	11	0	20	0	0	0	0	14	0	0	0	63
ASV_322	0	0	18	0	0	0	0	0	23	0	0	22	0	0	0	63
ASV_323	0	0	0	0	0	0	0	0	0	0	4	4	15	20	20	63
ASV_324	0	0	0	0	0	0	0	0	0	0	0	63	0	0	0	63
ASV_325	0	0	0	0	0	0	0	0	0	0	0	16	12	17	18	63
ASV_326	0	0	0	0	0	10	6	46	0	0	0	0	0	0	0	62
ASV_327	0	0	0	0	0	0	61	0	0	0	0	0	0	0	0	61
ASV_329	0	0	0	0	0	0	0	0	0	0	0	38	23	0	0	61
ASV_330	0	0	16	0	0	16	0	0	0	11	0	0	0	16	0	59
ASV_331	0	0	0	0	0	0	0	0	0	47	3	0	0	0	9	59
ASV_332	7	16	0	2	9	0	0	7	0	0	0	0	0	0	16	57
ASV_333	0	0	0	0	0	57	0	0	0	0	0	0	0	0	0	57
ASV_334	0	0	0	0	0	0	0	0	0	57	0	0	0	0	0	57
ASV_335	0	0	0	0	0	0	0	0	0	0	0	11	0	0	46	57
ASV_336	0	8	0	0	22	0	12	0	14	0	0	0	0	0	0	56
ASV_337	0	0	24	0	0	0	9	23	0	0	0	0	0	0	0	56
ASV_338	0	0	0	0	0	41	3	12	0	0	0	0	0	0	0	56
ASV_339	0	0	0	0	0	21	0	35	0	0	0	0	0	0	0	56
ASV_340	0	0	0	0	0	0	0	0	56	0	0	0	0	0	0	56
ASV_341	0	0	0	0	0	0	0	0	10	0	15	31	0	0	0	56
ASV_342	0	0	0	55	0	0	0	0	0	0	0	0	0	0	0	55
ASV_343	0	0	0	0	0	55	0	0	0	0	0	0	0	0	0	55
ASV_344	0	0	0	0	0	32	0	23	0	0	0	0	0	0	0	55
ASV_345	0	0	0	0	0	0	0	0	0	55	0	0	0	0	0	55
ASV_346	0	0	0	0	0	0	0	0	0	20	0	0	0	0	35	55
ASV_347	0	54	0	0	0	0	0	0	0	0	0	0	0	0	0	54
ASV_348	0	0	0	0	0	0	0	0	0	0	0	0	0	0	54	54
ASV_349	13	14	6	0	0	0	15	5	0	0	0	0	0	0	0	53
ASV_350	0	0	0	0	0	14	0	0	21	0	0	0	18	0	0	53
ASV_351	0	0	0	0	0	0	0	0	0	0	5	0	20	15	13	53
ASV_352	0	0	0	0	0	0	0	0	0	0	0	14	6	10	23	53
ASV_353	23	0	0	29	0	0	0	0	0	0	0	0	0	0	0	52
ASV_354	0	0	0	0	0	44	0	8	0	0	0	0	0	0	0	52
ASV_355	0	0	0	0	0	0	0	0	6	0	0	46	0	0	0	52
ASV_356	0	0	0	0	0	0	0	0	5	0	5	37	5	0	0	52
ASV_357	0	0	0	0	0	0	0	0	0	15	0	8	0	0	28	51
ASV_358	0	0	0	50	0	0	0	0	0	0	0	0	0	0	0	50
ASV_359	0	0	0	0	0	0	0	0	0	50	0	0	0	0	0	50
ASV_360	0	0	0	0	0	0	0	0	0	10	2	0	10	24	4	50
ASV_361	0	0	0	0	0	0	0	0	0	0	0	0	5	39	4	48
ASV_362	0	0	0	0	0	10	0	37	0	0	0	0	0	0	0	47
ASV_363	0	0	0	0	0	0	0	0	0	47	0	0	0	0	0	47
ASV_365	0	0	0	0	0	0	0	0	0	0	0	0	0	0	46	46
ASV_366	0	0	0	0	0	0	0	0	0	0	0	0	0	0	46	46
ASV_367	0	0	0	0	0	15	23	7	0	0	0	0	0	0	0	45
ASV_368	0	0	0	0	0	0	0	0	27	18	0	0	0	0	0	45
ASV_369	0	0	0	0	0	0	0	0	0	0	23	0	11	11	0	45
ASV_370	0	0	7	0	4	0	21	8	0	0	0	0	0	4	0	44
ASV_371	0	0	0	0	0	21	0	6	0	0	0	0	11	0	6	44
ASV_372	0	0	0	0	0	0	0	0	0	0	0	0	22	22	0	44
ASV_373	0	0	0	0	0	0	0	0	0	0	0	0	0	0	44	44
ASV_374	21	0	0	0	22	0	0	0	0	0	0	0	0	0	0	43
ASV_375	0	7	36	0	0	0	0	0	0	0	0	0	0	0	0	43
ASV_376	0	0	43	0	0	0	0	0	0	0	0	0	0	0	0	43
ASV_377	0	0	0	0	13	0	0	0	2	2	11	15	0	0	0	43
ASV_378	0	0	0	0	0	13	0	0	0	0	0	0	11	0	18	42
ASV_379	0	0	0	0	0	0	0	0	0	0	0	0	10	16	15	41
ASV_380	0	40	0	0	0	0	0	0	0	0	0	0	0	0	0	40
ASV_381	0	0	25	0	0	0	0	0	0	0	15	0	0	0	0	40
ASV_382	0	0	0	0	0	0	0	0	0	0	22	0	18	0	0	40
ASV_384	0	0	0	0	0	0	0	0	0	0	0	0	0	0	40	40
ASV_385	0	0	0	39	0	0	0	0	0	0	0	0	0	0	0	39
ASV_386	0	0	0	0	0	12	0	0	0	0	0	0	0	16	11	39
ASV_387	0	0	0	0	0	0	0	0	0	0	0	0	0	39	0	39
ASV_388	0	0	0	0	0	0	0	0	0	0	0	0	0	0	39	39
ASV_389	38	0	0	0	0	0	0	0	0	0	0	0	0	0	0	38
ASV_390	0	3	3	6	0	0	0	0	9	7	10	0	0	0	0	38
ASV_391	0	0	0	0	0	38	0	0	0	0	0	0	0	0	0	38
ASV_393	0	0	0	0	0	0	0	0	0	0	0	0	10	28	0	38
ASV_394	0	0	0	0	0	0	0	0	0	0	0	0	0	38	0	38
ASV_396	0	0	0	0	0	0	0	0	0	0	0	0	31	0	6	37
ASV_397	0	0	0	0	0	0	0	0	0	0	0	0	0	5	32	37
ASV_398	0	0	0	0	0	36	0	0	0	0	0	0	0	0	0	36
ASV_399	0	0	0	0	0	0	0	0	0	0	0	11	9	10	6	36
ASV_400	0	35	0	0	0	0	0	0	0	0	0	0	0	0	0	35
ASV_401	0	0	13	0	14	0	0	8	0	0	0	0	0	0	0	35
ASV_402	0	0	0	0	0	0	0	0	0	12	0	9	0	0	14	35
ASV_403	0	0	0	0	0	0	0	0	0	0	0	0	35	0	0	35
ASV_404	0	0	0	0	0	0	0	0	0	0	0	0	35	0	0	35
ASV_405	0	0	0	0	0	0	0	0	0	0	0	0	0	35	0	35
ASV_406	11	14	5	0	0	0	0	4	0	0	0	0	0	0	0	34
ASV_407	0	0	0	0	0	0	0	16	0	0	0	0	0	18	0	34
ASV_408	0	0	0	0	0	0	0	0	0	0	9	0	0	0	25	34
ASV_409	0	0	0	0	0	0	0	0	0	0	0	0	11	9	14	34
ASV_410	0	0	0	0	0	21	0	12	0	0	0	0	0	0	0	33
ASV_411	19	10	0	3	0	0	0	0	0	0	0	0	0	0	0	32
ASV_412	0	14	6	5	0	0	0	0	0	0	4	0	0	3	0	32
ASV_413	0	0	4	0	0	0	0	28	0	0	0	0	0	0	0	32
ASV_414	0	0	0	0	0	8	0	7	0	0	0	0	0	17	0	32
ASV_415	0	0	0	0	0	0	0	0	11	0	0	21	0	0	0	32
ASV_416	0	0	0	0	0	0	0	0	0	0	22	10	0	0	0	32
ASV_417	0	0	0	0	0	0	0	0	0	0	0	9	0	23	0	32
ASV_418	0	0	0	0	0	0	0	0	0	0	0	0	32	0	0	32
ASV_419	0	0	0	0	0	0	0	0	0	0	0	0	0	26	6	32
ASV_420	4	27	0	0	0	0	0	0	0	0	0	0	0	0	0	31
ASV_421	0	0	31	0	0	0	0	0	0	0	0	0	0	0	0	31
ASV_422	0	0	0	0	0	27	0	4	0	0	0	0	0	0	0	31
ASV_423	0	0	0	0	0	17	0	14	0	0	0	0	0	0	0	31
ASV_424	0	0	0	0	0	11	0	10	10	0	0	0	0	0	0	31
ASV_425	0	0	0	0	0	0	0	0	0	0	0	0	31	0	0	31
ASV_426	0	0	0	0	0	0	0	0	0	0	0	0	0	0	31	31
ASV_427	13	0	0	7	0	0	0	6	0	0	0	4	0	0	0	30
ASV_429	0	9	0	0	0	10	0	11	0	0	0	0	0	0	0	30
ASV_430	0	0	0	0	0	0	5	0	15	0	0	10	0	0	0	30
ASV_432	0	0	0	0	0	0	0	0	0	0	0	0	30	0	0	30
ASV_433	0	0	0	0	0	0	0	0	0	0	0	0	0	22	8	30
ASV_434	0	0	0	0	0	0	0	0	0	0	0	0	0	10	20	30
ASV_435	0	0	0	0	0	0	0	0	0	0	0	0	0	0	30	30
ASV_436	0	0	0	0	0	0	0	0	0	0	0	0	0	0	30	30
ASV_437	17	0	0	12	0	0	0	0	0	0	0	0	0	0	0	29
ASV_439	0	0	0	0	0	29	0	0	0	0	0	0	0	0	0	29
ASV_440	20	8	0	0	0	0	0	0	0	0	0	0	0	0	0	28
ASV_441	0	28	0	0	0	0	0	0	0	0	0	0	0	0	0	28
ASV_443	0	0	0	0	0	0	0	0	0	0	0	0	0	28	0	28
ASV_444	0	0	0	0	0	0	0	0	0	0	0	0	0	0	28	28
ASV_446	0	0	0	0	0	27	0	0	0	0	0	0	0	0	0	27
ASV_447	0	0	0	0	0	27	0	0	0	0	0	0	0	0	0	27
ASV_448	0	0	0	0	0	0	0	27	0	0	0	0	0	0	0	27
ASV_449	0	0	0	0	0	0	0	0	0	27	0	0	0	0	0	27
ASV_450	0	0	0	0	0	0	0	0	0	0	0	0	22	0	5	27
ASV_451	14	0	0	0	0	0	12	0	0	0	0	0	0	0	0	26
ASV_452	6	0	0	16	0	0	0	0	0	0	0	0	0	0	4	26
ASV_453	0	26	0	0	0	0	0	0	0	0	0	0	0	0	0	26
ASV_455	0	0	0	0	0	0	0	0	0	0	0	0	26	0	0	26
ASV_456	0	0	0	0	0	25	0	0	0	0	0	0	0	0	0	25
ASV_457	0	0	0	0	0	0	0	0	0	13	0	12	0	0	0	25
ASV_458	0	0	0	0	0	0	0	0	0	0	0	12	13	0	0	25
ASV_459	0	0	0	0	0	0	0	0	0	0	0	0	5	20	0	25
ASV_461	3	0	0	0	0	21	0	0	0	0	0	0	0	0	0	24
ASV_462	0	0	0	24	0	0	0	0	0	0	0	0	0	0	0	24
ASV_463	0	0	0	0	0	24	0	0	0	0	0	0	0	0	0	24
ASV_465	0	0	0	0	0	19	0	5	0	0	0	0	0	0	0	24
ASV_466	0	0	0	0	0	0	0	0	0	24	0	0	0	0	0	24
ASV_467	0	0	0	0	0	0	0	0	0	0	0	0	0	0	24	24
ASV_468	0	0	10	0	0	0	0	0	0	0	0	13	0	0	0	23
ASV_469	0	0	0	23	0	0	0	0	0	0	0	0	0	0	0	23
ASV_470	0	0	0	0	0	23	0	0	0	0	0	0	0	0	0	23
ASV_471	0	0	0	0	0	0	0	6	7	10	0	0	0	0	0	23
ASV_472	0	0	0	0	0	0	0	0	0	0	12	11	0	0	0	23
ASV_473	0	0	0	0	0	0	0	0	0	0	0	0	0	10	13	23
ASV_475	17	5	0	0	0	0	0	0	0	0	0	0	0	0	0	22
ASV_476	9	13	0	0	0	0	0	0	0	0	0	0	0	0	0	22
ASV_477	0	5	0	0	0	0	0	0	5	0	7	5	0	0	0	22
ASV_478	0	0	22	0	0	0	0	0	0	0	0	0	0	0	0	22
ASV_479	0	0	13	0	0	0	0	0	0	0	0	9	0	0	0	22
ASV_480	0	0	0	22	0	0	0	0	0	0	0	0	0	0	0	22
ASV_481	0	0	0	0	9	0	0	2	7	0	0	0	0	4	0	22
ASV_482	0	0	0	0	0	22	0	0	0	0	0	0	0	0	0	22
ASV_483	0	0	0	0	0	22	0	0	0	0	0	0	0	0	0	22
ASV_484	0	0	0	0	0	22	0	0	0	0	0	0	0	0	0	22
ASV_485	0	0	0	0	0	22	0	0	0	0	0	0	0	0	0	22
ASV_486	0	0	0	0	0	22	0	0	0	0	0	0	0	0	0	22
ASV_487	0	0	0	0	0	0	0	0	12	0	0	10	0	0	0	22
ASV_488	0	0	0	0	0	0	0	0	0	22	0	0	0	0	0	22
ASV_489	0	0	0	0	0	0	0	0	0	0	0	0	10	12	0	22
ASV_490	0	7	0	6	8	0	0	0	0	0	0	0	0	0	0	21
ASV_491	0	0	0	0	0	21	0	0	0	0	0	0	0	0	0	21
ASV_492	0	0	0	0	0	13	0	8	0	0	0	0	0	0	0	21
ASV_493	0	0	0	0	0	0	0	21	0	0	0	0	0	0	0	21
ASV_494	0	0	0	0	0	0	0	0	0	21	0	0	0	0	0	21
ASV_495	0	0	0	0	0	0	0	0	0	21	0	0	0	0	0	21
ASV_496	0	0	0	0	0	0	0	0	0	0	0	0	0	0	21	21
ASV_497	0	0	0	0	0	0	0	0	0	0	0	0	0	0	21	21
ASV_498	20	0	0	0	0	0	0	0	0	0	0	0	0	0	0	20
ASV_499	10	0	0	10	0	0	0	0	0	0	0	0	0	0	0	20
ASV_501	0	20	0	0	0	0	0	0	0	0	0	0	0	0	0	20
ASV_502	0	0	0	20	0	0	0	0	0	0	0	0	0	0	0	20
ASV_503	0	0	0	0	0	20	0	0	0	0	0	0	0	0	0	20
ASV_504	0	0	0	0	0	20	0	0	0	0	0	0	0	0	0	20
ASV_505	0	0	0	0	0	20	0	0	0	0	0	0	0	0	0	20
ASV_506	0	0	0	0	0	0	0	0	0	20	0	0	0	0	0	20
ASV_507	0	0	0	0	0	0	0	0	0	0	0	8	0	12	0	20
ASV_508	0	0	0	0	0	0	0	0	0	0	0	0	9	11	0	20
ASV_509	0	0	0	0	0	0	0	0	0	0	0	0	0	0	20	20
ASV_510	19	0	0	0	0	0	0	0	0	0	0	0	0	0	0	19
ASV_511	10	0	0	0	0	0	0	9	0	0	0	0	0	0	0	19
ASV_512	5	6	0	0	0	0	0	5	0	0	0	3	0	0	0	19
ASV_513	0	0	0	0	9	0	0	4	0	0	0	0	0	0	6	19
ASV_514	0	0	0	0	0	19	0	0	0	0	0	0	0	0	0	19
ASV_515	0	0	0	0	0	0	0	19	0	0	0	0	0	0	0	19
ASV_516	0	0	0	0	0	0	0	0	0	0	0	0	19	0	0	19
ASV_517	0	0	0	0	0	0	0	0	0	0	0	0	0	0	19	19
ASV_518	0	0	0	0	0	0	0	0	0	0	0	0	0	0	19	19
ASV_519	0	0	0	0	0	0	0	0	0	0	0	0	0	0	19	19
ASV_520	0	0	18	0	0	0	0	0	0	0	0	0	0	0	0	18
ASV_521	0	0	0	0	0	0	18	0	0	0	0	0	0	0	0	18
ASV_522	0	0	0	0	0	0	18	0	0	0	0	0	0	0	0	18
ASV_523	0	0	0	0	0	0	0	7	7	0	0	4	0	0	0	18
ASV_524	0	0	0	0	0	0	0	0	0	0	0	18	0	0	0	18
ASV_525	0	0	0	0	0	0	0	0	0	0	0	4	6	8	0	18
ASV_526	0	0	0	0	0	0	0	0	0	0	0	0	14	0	4	18
ASV_527	0	0	0	0	0	0	0	0	0	0	0	0	12	6	0	18
ASV_528	0	0	0	0	0	0	0	0	0	0	0	0	0	9	9	18
ASV_529	0	0	0	0	0	0	0	0	0	0	0	0	0	7	11	18
ASV_530	0	0	0	0	0	0	0	0	0	0	0	0	0	0	18	18
ASV_532	0	17	0	0	0	0	0	0	0	0	0	0	0	0	0	17
ASV_533	0	0	17	0	0	0	0	0	0	0	0	0	0	0	0	17
ASV_535	0	0	6	0	0	0	0	0	0	8	0	3	0	0	0	17
ASV_537	0	0	0	0	0	17	0	0	0	0	0	0	0	0	0	17
ASV_538	0	0	0	0	0	17	0	0	0	0	0	0	0	0	0	17
ASV_539	0	0	0	0	0	0	0	17	0	0	0	0	0	0	0	17
ASV_540	0	0	0	0	0	0	0	3	0	0	0	0	0	0	14	17
ASV_541	0	0	0	0	0	0	0	0	0	17	0	0	0	0	0	17
ASV_542	0	0	0	0	0	0	0	0	0	0	0	0	17	0	0	17
ASV_543	0	0	0	0	0	0	0	0	0	0	0	0	0	0	17	17
ASV_544	16	0	0	0	0	0	0	0	0	0	0	0	0	0	0	16
ASV_545	16	0	0	0	0	0	0	0	0	0	0	0	0	0	0	16
ASV_546	6	0	0	10	0	0	0	0	0	0	0	0	0	0	0	16
ASV_547	5	0	0	11	0	0	0	0	0	0	0	0	0	0	0	16
ASV_548	0	4	0	0	0	0	10	0	0	0	0	2	0	0	0	16
ASV_549	0	0	0	16	0	0	0	0	0	0	0	0	0	0	0	16
ASV_550	0	0	0	16	0	0	0	0	0	0	0	0	0	0	0	16
ASV_551	0	0	0	16	0	0	0	0	0	0	0	0	0	0	0	16
ASV_553	0	0	0	0	0	0	0	16	0	0	0	0	0	0	0	16
ASV_554	0	0	0	0	0	0	0	0	16	0	0	0	0	0	0	16
ASV_555	0	0	0	0	0	0	0	0	0	0	0	0	11	0	5	16
ASV_556	0	0	0	0	0	0	0	0	0	0	0	0	0	0	16	16
ASV_557	0	0	0	0	0	0	0	0	0	0	0	0	0	0	16	16
ASV_558	0	0	0	0	0	0	0	0	0	0	0	0	0	0	16	16
ASV_560	0	0	15	0	0	0	0	0	0	0	0	0	0	0	0	15
ASV_561	0	0	0	15	0	0	0	0	0	0	0	0	0	0	0	15
ASV_562	0	0	0	4	0	0	11	0	0	0	0	0	0	0	0	15
ASV_563	0	0	0	3	0	0	0	0	0	0	0	0	0	12	0	15
ASV_564	0	0	0	0	15	0	0	0	0	0	0	0	0	0	0	15
ASV_565	0	0	0	0	0	15	0	0	0	0	0	0	0	0	0	15
ASV_566	0	0	0	0	0	15	0	0	0	0	0	0	0	0	0	15
ASV_567	0	0	0	0	0	0	15	0	0	0	0	0	0	0	0	15
ASV_568	0	0	0	0	0	0	8	0	0	0	7	0	0	0	0	15
ASV_569	0	0	0	0	0	0	0	15	0	0	0	0	0	0	0	15
ASV_570	0	0	0	0	0	0	0	0	5	10	0	0	0	0	0	15
ASV_571	0	0	0	0	0	0	0	0	0	0	5	0	3	5	2	15
ASV_572	0	0	0	0	0	0	0	0	0	0	0	0	15	0	0	15
ASV_573	0	0	0	0	0	0	0	0	0	0	0	0	0	15	0	15
ASV_574	0	0	0	0	0	0	0	0	0	0	0	0	0	0	15	15
ASV_575	0	0	0	0	0	0	0	0	0	0	0	0	0	0	15	15
ASV_576	0	0	0	0	0	14	0	0	0	0	0	0	0	0	0	14
ASV_577	0	0	0	0	0	14	0	0	0	0	0	0	0	0	0	14
ASV_578	0	0	0	0	0	0	14	0	0	0	0	0	0	0	0	14
ASV_579	0	0	0	0	0	0	0	3	11	0	0	0	0	0	0	14
ASV_580	0	0	0	0	0	0	0	0	0	0	0	0	10	4	0	14
ASV_581	0	0	0	0	0	0	0	0	0	0	0	0	0	14	0	14
ASV_582	0	0	0	0	0	0	0	0	0	0	0	0	0	14	0	14
ASV_583	0	0	0	0	0	0	0	0	0	0	0	0	0	5	9	14
ASV_584	0	0	0	0	0	0	0	0	0	0	0	0	0	0	14	14
ASV_585	0	0	0	0	0	0	0	0	0	0	0	0	0	0	14	14
ASV_586	0	0	0	0	0	0	0	0	0	0	0	0	0	0	14	14
ASV_587	13	0	0	0	0	0	0	0	0	0	0	0	0	0	0	13
ASV_588	8	0	0	0	0	0	5	0	0	0	0	0	0	0	0	13
ASV_589	3	0	0	10	0	0	0	0	0	0	0	0	0	0	0	13
ASV_590	0	13	0	0	0	0	0	0	0	0	0	0	0	0	0	13
ASV_592	0	0	6	0	0	0	5	0	0	0	0	0	0	2	0	13
ASV_593	0	0	0	13	0	0	0	0	0	0	0	0	0	0	0	13
ASV_594	0	0	0	0	13	0	0	0	0	0	0	0	0	0	0	13
ASV_595	0	0	0	0	13	0	0	0	0	0	0	0	0	0	0	13
ASV_597	0	0	0	0	0	13	0	0	0	0	0	0	0	0	0	13
ASV_598	0	0	0	0	0	13	0	0	0	0	0	0	0	0	0	13
ASV_599	0	0	0	0	0	13	0	0	0	0	0	0	0	0	0	13
ASV_601	0	0	0	0	0	0	0	13	0	0	0	0	0	0	0	13
ASV_602	0	0	0	0	0	0	0	0	0	7	0	0	0	6	0	13
ASV_603	0	0	0	0	0	0	0	0	0	0	0	0	11	2	0	13
ASV_604	0	0	0	0	0	0	0	0	0	0	0	0	5	8	0	13
ASV_606	0	0	0	0	0	0	0	0	0	0	0	0	0	0	13	13
ASV_607	0	0	0	0	0	0	0	0	0	0	0	0	0	0	13	13
ASV_608	0	0	0	0	0	0	0	0	0	0	0	0	0	0	13	13
ASV_609	0	0	0	0	0	0	0	0	0	0	0	0	0	0	13	13
ASV_610	12	0	0	0	0	0	0	0	0	0	0	0	0	0	0	12
ASV_611	5	0	0	0	0	0	0	7	0	0	0	0	0	0	0	12
ASV_612	0	0	0	12	0	0	0	0	0	0	0	0	0	0	0	12
ASV_613	0	0	0	0	0	12	0	0	0	0	0	0	0	0	0	12
ASV_614	0	0	0	0	0	12	0	0	0	0	0	0	0	0	0	12
ASV_615	0	0	0	0	0	12	0	0	0	0	0	0	0	0	0	12
ASV_616	0	0	0	0	0	5	0	0	0	0	0	0	0	7	0	12
ASV_617	0	0	0	0	0	4	0	0	0	0	0	0	0	8	0	12
ASV_618	0	0	0	0	0	0	0	12	0	0	0	0	0	0	0	12
ASV_621	0	0	0	0	0	0	0	0	12	0	0	0	0	0	0	12
ASV_622	0	0	0	0	0	0	0	0	3	0	0	0	9	0	0	12
ASV_623	0	0	0	0	0	0	0	0	0	0	7	5	0	0	0	12
ASV_624	0	0	0	0	0	0	0	0	0	0	0	12	0	0	0	12
ASV_626	0	0	0	0	0	0	0	0	0	0	0	0	7	5	0	12
ASV_627	0	0	0	0	0	0	0	0	0	0	0	0	0	0	12	12
ASV_628	0	0	0	0	0	0	0	0	0	0	0	0	0	0	12	12
ASV_630	0	0	11	0	0	0	0	0	0	0	0	0	0	0	0	11
ASV_631	0	0	0	0	0	11	0	0	0	0	0	0	0	0	0	11
ASV_632	0	0	0	0	0	11	0	0	0	0	0	0	0	0	0	11
ASV_633	0	0	0	0	0	11	0	0	0	0	0	0	0	0	0	11
ASV_634	0	0	0	0	0	0	0	11	0	0	0	0	0	0	0	11
ASV_635	0	0	0	0	0	0	0	0	0	0	11	0	0	0	0	11
ASV_636	0	0	0	0	0	0	0	0	0	0	7	4	0	0	0	11
ASV_637	0	0	0	0	0	0	0	0	0	0	4	0	0	7	0	11
ASV_638	0	0	0	0	0	0	0	0	0	0	3	0	0	8	0	11
ASV_639	0	0	0	0	0	0	0	0	0	0	0	11	0	0	0	11
ASV_641	0	0	0	0	0	0	0	0	0	0	0	0	0	11	0	11
ASV_642	10	0	0	0	0	0	0	0	0	0	0	0	0	0	0	10
ASV_643	10	0	0	0	0	0	0	0	0	0	0	0	0	0	0	10
ASV_644	7	0	0	3	0	0	0	0	0	0	0	0	0	0	0	10
ASV_645	0	10	0	0	0	0	0	0	0	0	0	0	0	0	0	10
ASV_646	0	5	0	0	0	0	0	0	0	0	0	0	0	0	5	10
ASV_647	0	0	2	0	0	5	0	3	0	0	0	0	0	0	0	10
ASV_648	0	0	0	10	0	0	0	0	0	0	0	0	0	0	0	10
ASV_649	0	0	0	10	0	0	0	0	0	0	0	0	0	0	0	10
ASV_650	0	0	0	10	0	0	0	0	0	0	0	0	0	0	0	10
ASV_651	0	0	0	0	0	10	0	0	0	0	0	0	0	0	0	10
ASV_652	0	0	0	0	0	10	0	0	0	0	0	0	0	0	0	10
ASV_653	0	0	0	0	0	4	0	0	0	0	0	2	0	0	4	10
ASV_654	0	0	0	0	0	0	10	0	0	0	0	0	0	0	0	10
ASV_655	0	0	0	0	0	0	10	0	0	0	0	0	0	0	0	10
ASV_656	0	0	0	0	0	0	10	0	0	0	0	0	0	0	0	10
ASV_657	0	0	0	0	0	0	10	0	0	0	0	0	0	0	0	10
ASV_658	0	0	0	0	0	0	0	10	0	0	0	0	0	0	0	10
ASV_659	0	0	0	0	0	0	0	4	0	0	0	0	0	0	6	10
ASV_660	0	0	0	0	0	0	0	0	5	0	0	5	0	0	0	10
ASV_661	0	0	0	0	0	0	0	0	0	10	0	0	0	0	0	10
ASV_662	0	0	0	0	0	0	0	0	0	0	0	0	10	0	0	10
ASV_663	0	0	0	0	0	0	0	0	0	0	0	0	7	0	3	10
ASV_664	0	0	0	0	0	0	0	0	0	0	0	0	3	0	7	10
ASV_665	0	0	0	0	0	0	0	0	0	0	0	0	0	10	0	10
ASV_666	0	0	0	0	0	0	0	0	0	0	0	0	0	10	0	10
ASV_667	0	0	0	0	0	0	0	0	0	0	0	0	0	0	10	10
ASV_668	0	0	0	0	0	0	0	0	0	0	0	0	0	0	10	10
ASV_671	0	0	9	0	0	0	0	0	0	0	0	0	0	0	0	9
ASV_672	0	0	9	0	0	0	0	0	0	0	0	0	0	0	0	9
ASV_673	0	0	0	9	0	0	0	0	0	0	0	0	0	0	0	9
ASV_674	0	0	0	3	6	0	0	0	0	0	0	0	0	0	0	9
ASV_676	0	0	0	0	9	0	0	0	0	0	0	0	0	0	0	9
ASV_677	0	0	0	0	9	0	0	0	0	0	0	0	0	0	0	9
ASV_678	0	0	0	0	0	9	0	0	0	0	0	0	0	0	0	9
ASV_679	0	0	0	0	0	9	0	0	0	0	0	0	0	0	0	9
ASV_680	0	0	0	0	0	0	0	0	9	0	0	0	0	0	0	9
ASV_681	0	0	0	0	0	0	0	0	0	9	0	0	0	0	0	9
ASV_682	0	0	0	0	0	0	0	0	0	6	0	3	0	0	0	9
ASV_684	0	0	0	0	0	0	0	0	0	0	9	0	0	0	0	9
ASV_685	0	0	0	0	0	0	0	0	0	0	0	9	0	0	0	9
ASV_686	0	0	0	0	0	0	0	0	0	0	0	9	0	0	0	9
ASV_687	0	0	0	0	0	0	0	0	0	0	0	0	0	9	0	9
ASV_688	0	0	0	0	0	0	0	0	0	0	0	0	0	9	0	9
ASV_689	0	0	0	0	0	0	0	0	0	0	0	0	0	9	0	9
ASV_690	0	0	0	0	0	0	0	0	0	0	0	0	0	9	0	9
ASV_691	0	0	0	0	0	0	0	0	0	0	0	0	0	5	4	9
ASV_692	0	0	0	0	0	0	0	0	0	0	0	0	0	0	9	9
ASV_693	0	0	0	0	0	0	0	0	0	0	0	0	0	0	9	9
ASV_694	0	0	0	0	0	0	0	0	0	0	0	0	0	0	9	9
ASV_695	0	0	0	0	0	0	0	0	0	0	0	0	0	0	9	9
ASV_696	0	0	0	0	0	0	0	0	0	0	0	0	0	0	9	9
ASV_697	0	8	0	0	0	0	0	0	0	0	0	0	0	0	0	8
ASV_698	0	8	0	0	0	0	0	0	0	0	0	0	0	0	0	8
ASV_699	0	5	0	3	0	0	0	0	0	0	0	0	0	0	0	8
ASV_700	0	0	0	8	0	0	0	0	0	0	0	0	0	0	0	8
ASV_701	0	0	0	8	0	0	0	0	0	0	0	0	0	0	0	8
ASV_702	0	0	0	8	0	0	0	0	0	0	0	0	0	0	0	8
ASV_703	0	0	0	0	5	0	0	0	3	0	0	0	0	0	0	8
ASV_704	0	0	0	0	0	8	0	0	0	0	0	0	0	0	0	8
ASV_705	0	0	0	0	0	8	0	0	0	0	0	0	0	0	0	8
ASV_706	0	0	0	0	0	8	0	0	0	0	0	0	0	0	0	8
ASV_707	0	0	0	0	0	0	8	0	0	0	0	0	0	0	0	8
ASV_709	0	0	0	0	0	0	8	0	0	0	0	0	0	0	0	8
ASV_710	0	0	0	0	0	0	8	0	0	0	0	0	0	0	0	8
ASV_711	0	0	0	0	0	0	2	0	0	0	0	0	0	6	0	8
ASV_714	0	0	0	0	0	0	0	0	8	0	0	0	0	0	0	8
ASV_715	0	0	0	0	0	0	0	0	8	0	0	0	0	0	0	8
ASV_717	0	0	0	0	0	0	0	0	0	0	0	8	0	0	0	8
ASV_718	0	0	0	0	0	0	0	0	0	0	0	0	8	0	0	8
ASV_719	0	0	0	0	0	0	0	0	0	0	0	0	8	0	0	8
ASV_721	0	0	0	0	0	0	0	0	0	0	0	0	0	8	0	8
ASV_722	0	0	0	0	0	0	0	0	0	0	0	0	0	8	0	8
ASV_724	0	0	0	0	0	0	0	0	0	0	0	0	0	0	8	8
ASV_725	0	0	0	0	0	0	0	0	0	0	0	0	0	0	8	8
ASV_726	0	0	0	0	0	0	0	0	0	0	0	0	0	0	8	8
ASV_727	0	0	0	0	0	0	0	0	0	0	0	0	0	0	8	8
ASV_728	0	0	0	0	0	0	0	0	0	0	0	0	0	0	8	8
ASV_729	0	0	0	0	0	0	0	0	0	0	0	0	0	0	8	8
ASV_730	7	0	0	0	0	0	0	0	0	0	0	0	0	0	0	7
ASV_731	7	0	0	0	0	0	0	0	0	0	0	0	0	0	0	7
ASV_733	7	0	0	0	0	0	0	0	0	0	0	0	0	0	0	7
ASV_734	0	7	0	0	0	0	0	0	0	0	0	0	0	0	0	7
ASV_735	0	7	0	0	0	0	0	0	0	0	0	0	0	0	0	7
ASV_736	0	7	0	0	0	0	0	0	0	0	0	0	0	0	0	7
ASV_737	0	5	0	2	0	0	0	0	0	0	0	0	0	0	0	7
ASV_738	0	0	7	0	0	0	0	0	0	0	0	0	0	0	0	7
ASV_739	0	0	0	7	0	0	0	0	0	0	0	0	0	0	0	7
ASV_740	0	0	0	7	0	0	0	0	0	0	0	0	0	0	0	7
ASV_741	0	0	0	7	0	0	0	0	0	0	0	0	0	0	0	7
ASV_742	0	0	0	7	0	0	0	0	0	0	0	0	0	0	0	7
ASV_743	0	0	0	0	7	0	0	0	0	0	0	0	0	0	0	7
ASV_745	0	0	0	0	0	0	3	0	0	4	0	0	0	0	0	7
ASV_746	0	0	0	0	0	0	0	7	0	0	0	0	0	0	0	7
ASV_747	0	0	0	0	0	0	0	7	0	0	0	0	0	0	0	7
ASV_748	0	0	0	0	0	0	0	0	0	7	0	0	0	0	0	7
ASV_749	0	0	0	0	0	0	0	0	0	0	7	0	0	0	0	7
ASV_750	0	0	0	0	0	0	0	0	0	0	0	0	0	7	0	7
ASV_751	0	0	0	0	0	0	0	0	0	0	0	0	0	7	0	7
ASV_752	0	0	0	0	0	0	0	0	0	0	0	0	0	0	7	7
ASV_753	0	0	0	0	0	0	0	0	0	0	0	0	0	0	7	7
ASV_754	0	0	0	0	0	0	0	0	0	0	0	0	0	0	7	7
ASV_755	0	0	0	0	0	0	0	0	0	0	0	0	0	0	7	7
ASV_756	0	0	0	0	0	0	0	0	0	0	0	0	0	0	7	7
ASV_757	0	0	0	0	0	0	0	0	0	0	0	0	0	0	7	7
ASV_758	6	0	0	0	0	0	0	0	0	0	0	0	0	0	0	6
ASV_760	6	0	0	0	0	0	0	0	0	0	0	0	0	0	0	6
ASV_761	0	6	0	0	0	0	0	0	0	0	0	0	0	0	0	6
ASV_762	0	6	0	0	0	0	0	0	0	0	0	0	0	0	0	6
ASV_763	0	0	6	0	0	0	0	0	0	0	0	0	0	0	0	6
ASV_766	0	0	0	0	6	0	0	0	0	0	0	0	0	0	0	6
ASV_767	0	0	0	0	0	6	0	0	0	0	0	0	0	0	0	6
ASV_769	0	0	0	0	0	0	6	0	0	0	0	0	0	0	0	6
ASV_770	0	0	0	0	0	0	0	6	0	0	0	0	0	0	0	6
ASV_771	0	0	0	0	0	0	0	6	0	0	0	0	0	0	0	6
ASV_772	0	0	0	0	0	0	0	6	0	0	0	0	0	0	0	6
ASV_773	0	0	0	0	0	0	0	6	0	0	0	0	0	0	0	6
ASV_774	0	0	0	0	0	0	0	6	0	0	0	0	0	0	0	6
ASV_775	0	0	0	0	0	0	0	0	6	0	0	0	0	0	0	6
ASV_776	0	0	0	0	0	0	0	0	6	0	0	0	0	0	0	6
ASV_777	0	0	0	0	0	0	0	0	0	6	0	0	0	0	0	6
ASV_778	0	0	0	0	0	0	0	0	0	0	6	0	0	0	0	6
ASV_779	0	0	0	0	0	0	0	0	0	0	6	0	0	0	0	6
ASV_780	0	0	0	0	0	0	0	0	0	0	6	0	0	0	0	6
ASV_781	0	0	0	0	0	0	0	0	0	0	0	6	0	0	0	6
ASV_782	0	0	0	0	0	0	0	0	0	0	0	6	0	0	0	6
ASV_783	0	0	0	0	0	0	0	0	0	0	0	6	0	0	0	6
ASV_784	0	0	0	0	0	0	0	0	0	0	0	0	6	0	0	6
ASV_785	0	0	0	0	0	0	0	0	0	0	0	0	6	0	0	6
ASV_786	0	0	0	0	0	0	0	0	0	0	0	0	6	0	0	6
ASV_787	0	0	0	0	0	0	0	0	0	0	0	0	6	0	0	6
ASV_789	0	0	0	0	0	0	0	0	0	0	0	0	0	6	0	6
ASV_790	0	0	0	0	0	0	0	0	0	0	0	0	0	0	6	6
ASV_791	5	0	0	0	0	0	0	0	0	0	0	0	0	0	0	5
ASV_792	5	0	0	0	0	0	0	0	0	0	0	0	0	0	0	5
ASV_793	5	0	0	0	0	0	0	0	0	0	0	0	0	0	0	5
ASV_794	5	0	0	0	0	0	0	0	0	0	0	0	0	0	0	5
ASV_795	5	0	0	0	0	0	0	0	0	0	0	0	0	0	0	5
ASV_796	5	0	0	0	0	0	0	0	0	0	0	0	0	0	0	5
ASV_797	5	0	0	0	0	0	0	0	0	0	0	0	0	0	0	5
ASV_798	0	5	0	0	0	0	0	0	0	0	0	0	0	0	0	5
ASV_799	0	5	0	0	0	0	0	0	0	0	0	0	0	0	0	5
ASV_801	0	5	0	0	0	0	0	0	0	0	0	0	0	0	0	5
ASV_802	0	5	0	0	0	0	0	0	0	0	0	0	0	0	0	5
ASV_803	0	0	5	0	0	0	0	0	0	0	0	0	0	0	0	5
ASV_804	0	0	5	0	0	0	0	0	0	0	0	0	0	0	0	5
ASV_805	0	0	5	0	0	0	0	0	0	0	0	0	0	0	0	5
ASV_806	0	0	0	5	0	0	0	0	0	0	0	0	0	0	0	5
ASV_807	0	0	0	5	0	0	0	0	0	0	0	0	0	0	0	5
ASV_808	0	0	0	5	0	0	0	0	0	0	0	0	0	0	0	5
ASV_809	0	0	0	5	0	0	0	0	0	0	0	0	0	0	0	5
ASV_810	0	0	0	5	0	0	0	0	0	0	0	0	0	0	0	5
ASV_811	0	0	0	0	5	0	0	0	0	0	0	0	0	0	0	5
ASV_812	0	0	0	0	5	0	0	0	0	0	0	0	0	0	0	5
ASV_813	0	0	0	0	0	5	0	0	0	0	0	0	0	0	0	5
ASV_814	0	0	0	0	0	5	0	0	0	0	0	0	0	0	0	5
ASV_815	0	0	0	0	0	3	2	0	0	0	0	0	0	0	0	5
ASV_816	0	0	0	0	0	0	5	0	0	0	0	0	0	0	0	5
ASV_818	0	0	0	0	0	0	0	5	0	0	0	0	0	0	0	5
ASV_819	0	0	0	0	0	0	0	0	5	0	0	0	0	0	0	5
ASV_820	0	0	0	0	0	0	0	0	5	0	0	0	0	0	0	5
ASV_821	0	0	0	0	0	0	0	0	0	5	0	0	0	0	0	5
ASV_822	0	0	0	0	0	0	0	0	0	5	0	0	0	0	0	5
ASV_823	0	0	0	0	0	0	0	0	0	5	0	0	0	0	0	5
ASV_825	0	0	0	0	0	0	0	0	0	0	5	0	0	0	0	5
ASV_826	0	0	0	0	0	0	0	0	0	0	0	3	0	2	0	5
ASV_827	0	0	0	0	0	0	0	0	0	0	0	0	5	0	0	5
ASV_828	0	0	0	0	0	0	0	0	0	0	0	0	0	0	5	5
ASV_829	0	0	0	0	0	0	0	0	0	0	0	0	0	0	5	5
ASV_830	0	0	0	0	0	0	0	0	0	0	0	0	0	0	5	5
ASV_832	0	0	0	0	0	0	0	0	0	0	0	0	0	0	5	5
ASV_833	0	0	0	0	0	0	0	0	0	0	0	0	0	0	5	5
ASV_834	0	0	0	0	0	0	0	0	0	0	0	0	0	0	5	5
ASV_835	0	0	0	0	0	0	0	0	0	0	0	0	0	0	5	5
ASV_836	4	0	0	0	0	0	0	0	0	0	0	0	0	0	0	4
ASV_837	4	0	0	0	0	0	0	0	0	0	0	0	0	0	0	4
ASV_838	4	0	0	0	0	0	0	0	0	0	0	0	0	0	0	4
ASV_839	4	0	0	0	0	0	0	0	0	0	0	0	0	0	0	4
ASV_840	4	0	0	0	0	0	0	0	0	0	0	0	0	0	0	4
ASV_841	4	0	0	0	0	0	0	0	0	0	0	0	0	0	0	4
ASV_842	4	0	0	0	0	0	0	0	0	0	0	0	0	0	0	4
ASV_844	0	4	0	0	0	0	0	0	0	0	0	0	0	0	0	4
ASV_845	0	4	0	0	0	0	0	0	0	0	0	0	0	0	0	4
ASV_846	0	4	0	0	0	0	0	0	0	0	0	0	0	0	0	4
ASV_847	0	0	4	0	0	0	0	0	0	0	0	0	0	0	0	4
ASV_848	0	0	4	0	0	0	0	0	0	0	0	0	0	0	0	4
ASV_851	0	0	4	0	0	0	0	0	0	0	0	0	0	0	0	4
ASV_852	0	0	2	0	0	0	0	0	2	0	0	0	0	0	0	4
ASV_853	0	0	2	0	0	0	0	0	0	0	0	0	2	0	0	4
ASV_854	0	0	0	4	0	0	0	0	0	0	0	0	0	0	0	4
ASV_856	0	0	0	0	0	4	0	0	0	0	0	0	0	0	0	4
ASV_857	0	0	0	0	0	4	0	0	0	0	0	0	0	0	0	4
ASV_858	0	0	0	0	0	4	0	0	0	0	0	0	0	0	0	4
ASV_859	0	0	0	0	0	0	4	0	0	0	0	0	0	0	0	4
ASV_861	0	0	0	0	0	0	4	0	0	0	0	0	0	0	0	4
ASV_862	0	0	0	0	0	0	4	0	0	0	0	0	0	0	0	4
ASV_863	0	0	0	0	0	0	4	0	0	0	0	0	0	0	0	4
ASV_866	0	0	0	0	0	0	0	4	0	0	0	0	0	0	0	4
ASV_867	0	0	0	0	0	0	0	4	0	0	0	0	0	0	0	4
ASV_869	0	0	0	0	0	0	0	0	0	4	0	0	0	0	0	4
ASV_871	0	0	0	0	0	0	0	0	0	4	0	0	0	0	0	4
ASV_872	0	0	0	0	0	0	0	0	0	2	2	0	0	0	0	4
ASV_873	0	0	0	0	0	0	0	0	0	0	4	0	0	0	0	4
ASV_874	0	0	0	0	0	0	0	0	0	0	4	0	0	0	0	4
ASV_875	0	0	0	0	0	0	0	0	0	0	0	4	0	0	0	4
ASV_876	0	0	0	0	0	0	0	0	0	0	0	4	0	0	0	4
ASV_877	0	0	0	0	0	0	0	0	0	0	0	4	0	0	0	4
ASV_878	0	0	0	0	0	0	0	0	0	0	0	4	0	0	0	4
ASV_879	0	0	0	0	0	0	0	0	0	0	0	4	0	0	0	4
ASV_880	0	0	0	0	0	0	0	0	0	0	0	0	0	4	0	4
ASV_881	0	0	0	0	0	0	0	0	0	0	0	0	0	4	0	4
ASV_882	0	0	0	0	0	0	0	0	0	0	0	0	0	4	0	4
ASV_883	0	0	0	0	0	0	0	0	0	0	0	0	0	0	4	4
ASV_884	0	0	0	0	0	0	0	0	0	0	0	0	0	0	4	4
ASV_885	3	0	0	0	0	0	0	0	0	0	0	0	0	0	0	3
ASV_886	3	0	0	0	0	0	0	0	0	0	0	0	0	0	0	3
ASV_887	3	0	0	0	0	0	0	0	0	0	0	0	0	0	0	3
ASV_888	3	0	0	0	0	0	0	0	0	0	0	0	0	0	0	3
ASV_889	3	0	0	0	0	0	0	0	0	0	0	0	0	0	0	3
ASV_890	0	3	0	0	0	0	0	0	0	0	0	0	0	0	0	3
ASV_891	0	3	0	0	0	0	0	0	0	0	0	0	0	0	0	3
ASV_893	0	3	0	0	0	0	0	0	0	0	0	0	0	0	0	3
ASV_894	0	0	3	0	0	0	0	0	0	0	0	0	0	0	0	3
ASV_895	0	0	3	0	0	0	0	0	0	0	0	0	0	0	0	3
ASV_896	0	0	3	0	0	0	0	0	0	0	0	0	0	0	0	3
ASV_897	0	0	3	0	0	0	0	0	0	0	0	0	0	0	0	3
ASV_898	0	0	3	0	0	0	0	0	0	0	0	0	0	0	0	3
ASV_899	0	0	3	0	0	0	0	0	0	0	0	0	0	0	0	3
ASV_901	0	0	0	3	0	0	0	0	0	0	0	0	0	0	0	3
ASV_902	0	0	0	3	0	0	0	0	0	0	0	0	0	0	0	3
ASV_903	0	0	0	3	0	0	0	0	0	0	0	0	0	0	0	3
ASV_904	0	0	0	3	0	0	0	0	0	0	0	0	0	0	0	3
ASV_905	0	0	0	3	0	0	0	0	0	0	0	0	0	0	0	3
ASV_906	0	0	0	0	3	0	0	0	0	0	0	0	0	0	0	3
ASV_907	0	0	0	0	3	0	0	0	0	0	0	0	0	0	0	3
ASV_908	0	0	0	0	3	0	0	0	0	0	0	0	0	0	0	3
ASV_910	0	0	0	0	0	3	0	0	0	0	0	0	0	0	0	3
ASV_912	0	0	0	0	0	0	3	0	0	0	0	0	0	0	0	3
ASV_913	0	0	0	0	0	0	3	0	0	0	0	0	0	0	0	3
ASV_915	0	0	0	0	0	0	0	3	0	0	0	0	0	0	0	3
ASV_917	0	0	0	0	0	0	0	3	0	0	0	0	0	0	0	3
ASV_919	0	0	0	0	0	0	0	0	3	0	0	0	0	0	0	3
ASV_920	0	0	0	0	0	0	0	0	3	0	0	0	0	0	0	3
ASV_921	0	0	0	0	0	0	0	0	3	0	0	0	0	0	0	3
ASV_922	0	0	0	0	0	0	0	0	3	0	0	0	0	0	0	3
ASV_923	0	0	0	0	0	0	0	0	3	0	0	0	0	0	0	3
ASV_925	0	0	0	0	0	0	0	0	0	3	0	0	0	0	0	3
ASV_926	0	0	0	0	0	0	0	0	0	3	0	0	0	0	0	3
ASV_927	0	0	0	0	0	0	0	0	0	0	3	0	0	0	0	3
ASV_928	0	0	0	0	0	0	0	0	0	0	3	0	0	0	0	3
ASV_929	0	0	0	0	0	0	0	0	0	0	3	0	0	0	0	3
ASV_930	0	0	0	0	0	0	0	0	0	0	3	0	0	0	0	3
ASV_931	0	0	0	0	0	0	0	0	0	0	0	3	0	0	0	3
ASV_932	0	0	0	0	0	0	0	0	0	0	0	0	3	0	0	3
ASV_933	0	0	0	0	0	0	0	0	0	0	0	0	3	0	0	3
ASV_934	0	0	0	0	0	0	0	0	0	0	0	0	0	3	0	3
ASV_935	0	0	0	0	0	0	0	0	0	0	0	0	0	3	0	3
ASV_936	0	0	0	0	0	0	0	0	0	0	0	0	0	3	0	3
ASV_937	0	0	0	0	0	0	0	0	0	0	0	0	0	3	0	3
ASV_938	0	0	0	0	0	0	0	0	0	0	0	0	0	3	0	3
ASV_939	0	0	0	0	0	0	0	0	0	0	0	0	0	0	3	3
ASV_941	0	0	0	0	0	0	0	0	0	0	0	0	0	0	3	3
ASV_942	0	0	0	0	0	0	0	0	0	0	0	0	0	0	3	3
ASV_943	0	0	0	0	0	0	0	0	0	0	0	0	0	0	3	3
ASV_944	0	0	0	0	0	0	0	0	0	0	0	0	0	0	3	3
ASV_945	2	0	0	0	0	0	0	0	0	0	0	0	0	0	0	2
ASV_949	2	0	0	0	0	0	0	0	0	0	0	0	0	0	0	2
ASV_950	2	0	0	0	0	0	0	0	0	0	0	0	0	0	0	2
ASV_951	0	2	0	0	0	0	0	0	0	0	0	0	0	0	0	2
ASV_953	0	2	0	0	0	0	0	0	0	0	0	0	0	0	0	2
ASV_957	0	0	2	0	0	0	0	0	0	0	0	0	0	0	0	2
ASV_958	0	0	0	2	0	0	0	0	0	0	0	0	0	0	0	2
ASV_959	0	0	0	2	0	0	0	0	0	0	0	0	0	0	0	2
ASV_960	0	0	0	2	0	0	0	0	0	0	0	0	0	0	0	2
ASV_961	0	0	0	2	0	0	0	0	0	0	0	0	0	0	0	2
ASV_962	0	0	0	2	0	0	0	0	0	0	0	0	0	0	0	2
ASV_963	0	0	0	0	2	0	0	0	0	0	0	0	0	0	0	2
ASV_964	0	0	0	0	2	0	0	0	0	0	0	0	0	0	0	2
ASV_965	0	0	0	0	2	0	0	0	0	0	0	0	0	0	0	2
ASV_966	0	0	0	0	0	0	2	0	0	0	0	0	0	0	0	2
ASV_968	0	0	0	0	0	0	2	0	0	0	0	0	0	0	0	2
ASV_969	0	0	0	0	0	0	2	0	0	0	0	0	0	0	0	2
ASV_970	0	0	0	0	0	0	2	0	0	0	0	0	0	0	0	2
ASV_975	0	0	0	0	0	0	0	2	0	0	0	0	0	0	0	2
ASV_976	0	0	0	0	0	0	0	2	0	0	0	0	0	0	0	2
ASV_977	0	0	0	0	0	0	0	0	2	0	0	0	0	0	0	2
ASV_978	0	0	0	0	0	0	0	0	2	0	0	0	0	0	0	2
ASV_979	0	0	0	0	0	0	0	0	2	0	0	0	0	0	0	2
ASV_980	0	0	0	0	0	0	0	0	0	2	0	0	0	0	0	2
ASV_981	0	0	0	0	0	0	0	0	0	2	0	0	0	0	0	2
ASV_983	0	0	0	0	0	0	0	0	0	0	2	0	0	0	0	2
ASV_984	0	0	0	0	0	0	0	0	0	0	0	2	0	0	0	2
ASV_985	0	0	0	0	0	0	0	0	0	0	0	0	2	0	0	2
ASV_987	0	0	0	0	0	0	0	0	0	0	0	0	2	0	0	2
ASV_988	0	0	0	0	0	0	0	0	0	0	0	0	0	2	0	2
ASV_989	0	0	0	0	0	0	0	0	0	0	0	0	0	2	0	2
ASV_990	0	0	0	0	0	0	0	0	0	0	0	0	0	0	2	2
ASV_991	0	0	0	0	0	0	0	0	0	0	0	0	0	0	2	2
ASV_992	0	0	0	0	0	0	0	0	0	0	0	0	0	0	2	2
ASV_993	0	0	0	0	0	0	0	0	0	0	0	0	0	0	2	2
